-2	-2	-2	-2	-2	-2	-2	-2	-2	-2	-2	-2	-2	-2	-2	-2	-2	-2	-2	-2	-2	-2	-2	-2	-2	-2	-2	-2	-2	-2	-2	-2	-2	-2	-2	-2	-2	-2	-2	-2	-2	-2	-2	-2	-2	-2	-2	-2	-2	-2	-2	-2	-2	-2	-2	-2	-2	-2	-2	-2	-2	-2	-2	-2	-2	-2	-2	-2	-2	-2	-2	-2	-2	-2	-2	-2	-2	-2	-2	-2	-2	-2	-2	-2	-2	-2	-2	-2	-2	-2	-2	-2	-2	-2	-2	-2	-2	-2	-2	-2	-2	-2	-2	-2	-2	-2	-2	-2	-2	-2	-2	-2	-2	-2	-2	-2	-2	-2	-2	-2	-2	-2	-2	-2	-2	-2	-2	-2	-2	-2	-2	-2	-2	-2	-2	-2	-2	-2	-2	-2	-2	-2	-2	-2	-2	-2	-2	-2	-2	-2	-2	-2	-2	-2	-2	-2	-2	-2	-2	-2	-2	-2	-2	-2	-2	-2	-2	-2	-2	-2	-2	-2	-2	-2	-2	-2	-2	-2	-2	-2	-2	-2	-2	-2	-2	-2	-2	-2	-2	-2	-2	-2	-2	-2	-2	-2	-2	-2	-2	-2
-2	-2	-2	-2	-2	-2	-2	-2	-2	-2	-2	-2	-2	-2	-2	-2	-2	-2	-2	-2	-2	-2	-2	-2	-2	-2	-2	-2	-2	-2	-2	-2	-2	-2	-2	-2	-2	-2	-2	-2	-2	-2	-2	-2	-2	-2	-2	-2	-2	-2	-2	-2	-2	-2	-2	-2	-2	-2	-2	-2	-2	-2	-2	-2	-2	-2	-2	-2	-2	-2	-2	-2	-2	-2	-2	-2	-2	-2	-2	-2	-2	-2	-2	-2	-2	-2	-2	-2	-2	-2	-2	-2	-2	-2	-2	-2	-2	-2	-2	-2	-2	-2	-2	-2	-2	-2	-2	-2	-2	-2	-2	-2	-2	-2	-2	-2	-2	-2	-2	-2	-2	-2	-2	-2	-2	-2	-2	-2	-2	-2	-2	-2	-2	-2	-2	-2	-2	-2	-2	-2	-2	-2	-2	-2	-2	-2	-2	-2	-2	-2	-2	-2	-2	-2	-2	-2	-2	-2	-2	-2	-2	-2	-2	-2	-2	-2	-2	-2	-2	-2	-2	-2	-2	-2	-2	-2	-2	-2	-2	-2	-2	-2	-2	-2	-2	-2	-2	-2	-2	-2	-2	-2	-2	-2	-2	-2	-2	-2	-2	-2
-2	-2	-2	-2	-2	-2	-2	-2	-2	-2	-2	-2	-2	-2	-2	-2	-2	-2	-2	-2	-2	-2	-2	-2	-2	-2	-2	-2	-2	-2	-2	-2	-2	-2	-2	-2	-2	-2	-2	-2	-2	-2	-2	-2	-2	-2	-2	-2	-2	-2	-2	-2	-2	-2	-2	-2	-2	-2	-2	-2	-2	-2	-2	-2	-2	-2	-2	-2	-2	-2	-2	-2	-2	-2	-2	-2	-2	-2	-2	-2	-2	-2	-2	-2	-2	-2	-2	-2	-2	-2	-2	-2	-2	-2	-2	-2	-2	-2	-2	-2	-2	-2	-2	-2	-2	-2	-2	-2	-2	-2	-2	-2	-2	-2	-2	-2	-2	-2	-2	-2	-2	-2	-2	-2	-2	-2	-2	-2	-2	-2	-2	-2	-2	-2	-2	-2	-2	-2	-2	-2	-2	-2	-2	-2	-2	-2	-2	-2	-2	-2	-2	-2	-2	-2	-2	-2	-2	-2	-2	-2	-2	-2	-2	-2	-2	-2	-2	-2	-2	-2	-2	-2	-2	-2	-2	-2	-2	-2	-2	-2	-2	-2	-2	-2	-2	-2	-2	-2	-2	-2	-2	-2	-2	-2	-2	-2	-2	-2	-2	-2
-2	-2	-2	-2	-2	-2	-2	-2	-2	-2	-2	-2	-2	-2	-2	-2	-20	-20	-20	-20	20	20	-20	-20	-20	-20	-20	-20	-20	20	20	-20	-20	-20	-20	-20	-2	-2	-2	-2	-2	-2	-2	-2	-2	-2	-2	-2	-2	-2	-2	-2	-2	-2	-2	-2	-2	-2	-2	-2	-2	-2	-2	-2	-2	-2	-2	-2	-2	-2	-2	-2	-2	-2	-2	-2	-2	-2	-2	-2	-2	-2	-2	-2	-2	-2	-2	-2	-2	-2	-2	-2	-2	-2	-2	-2	-2	-2	-2	-2	-2	-2	-2	-2	-2	-2	-2	-2	-2	-2	-2	-2	-2	-2	-2	-2	-2	-2	-2	-2	-2	-2	-2	-21	-21	21	21	21	21	-21	-21	-21	21	21	21	-21	21	21	-21	-21	-21	-21	-21	-2	-2	-2	-2	-2	-2	-2	-2	-2	-2	-2	-2	-2	-2	-2	-2	-2	-2	-2	-2	-2	-2	-2	-2	-2	-2	-2	-2	-2	-2	-2	-2	-2	-2	-2	-2	-2	-2	-2	-2	-2	-2	-2	-2	-2	-2	-2	-2	-2	-2	-2	-2	-2	-2	-2	-2	-2
-1	-1	-1	-1	-1	-2	-2	-2	-2	-2	-2	-2	-2	-2	-2	-2	-20	20	20	20	20	20	20	-20	-20	-20	20	20	20	20	20	20	-20	20	20	-20	-2	-2	-2	-2	-2	-2	-2	-2	-2	-2	-2	-2	-2	-2	-2	-2	-2	-2	-2	-2	-2	-2	-2	-2	-2	-2	-2	-2	-2	-2	-2	-2	-2	-2	-2	-2	-2	-2	-2	-2	-2	-2	-2	-2	-2	-2	-2	-2	-2	-2	-2	-2	-2	-2	-2	-2	-2	-2	-2	-2	-2	-2	-2	-2	-2	-2	-2	-2	-2	-2	-2	-2	-2	-2	-2	-2	-2	-2	-2	-2	-2	-2	-2	-2	-2	-2	-2	21	21	21	21	21	21	21	-21	-21	-21	21	21	21	21	21	21	-21	21	21	-21	-2	-2	-2	-2	-2	-2	-2	-2	-2	-2	-2	-2	-2	-2	-2	-2	-2	-2	-2	-2	-2	-2	-2	-2	-2	-2	-2	-2	-2	-2	-2	-2	-2	-2	-2	-2	-2	-2	-2	-2	-2	-2	-2	-16	16	16	16	16	16	16	16	16	-16	-2	-2	-2	-2
-1	-1	-1	-1	-1	-1	-2	-2	-2	-2	-2	-2	-2	-2	-2	-2	20	20	20	20	20	20	20	-20	-20	-20	20	20	20	20	20	-20	-20	20	20	20	-2	-2	-2	-2	-2	-2	-2	-2	-2	-2	-2	-2	-2	-2	-2	-2	-2	-2	-2	-2	-2	-2	-2	-2	-2	-2	-2	-2	-2	-2	-2	-2	-2	-2	-2	-2	-2	-2	-2	-2	-2	-2	-2	-2	-2	-2	-2	-2	-2	-2	-2	-2	-2	-2	-2	-2	-2	-2	-12	12	12	12	12	12	12	12	-12	-12	-12	-2	-2	-2	-2	-2	-2	-2	-2	-2	-2	-2	-2	-2	-2	-2	-2	-2	-2	21	21	21	21	21	21	21	21	-21	-21	-21	-21	21	21	21	21	-21	21	21	21	-2	-2	-20	-20	-20	-20	20	20	-20	-20	-20	-20	-20	-20	-20	20	20	-20	-20	-20	-20	-20	-2	-2	-2	-2	-2	-2	-2	-2	-2	-2	-2	-2	-2	-2	-2	-2	-2	-2	-2	-2	-2	16	16	16	16	16	16	16	16	16	16	-2	-2	-2	-2
-2	-2	-2	-2	-1	-1	-2	-2	-2	-2	-2	-2	-2	-2	-2	-2	20	20	20	20	20	20	-20	-20	-20	-20	-20	20	-20	20	20	-20	-20	-20	20	-20	-2	-2	-2	-2	-2	-2	-2	-2	-2	-2	-2	-2	-2	-2	-2	-2	-2	-2	-2	-2	-2	-2	-2	-2	-2	-2	-2	-2	-2	-2	-2	-2	-2	-2	-2	-2	-2	-2	-2	-2	-2	-2	-2	-2	-2	-2	-2	-2	-2	-2	-2	-2	-2	-2	-2	-2	-2	-2	12	12	12	12	12	12	12	12	12	-12	-12	-2	-2	-2	-2	-2	-2	-2	-2	-2	-2	-2	-2	-2	-2	-2	-2	-2	-2	21	21	21	21	21	21	-21	-21	-21	-21	-21	-21	-21	21	21	21	-21	-21	21	-21	-2	-2	-20	20	20	20	20	20	20	-20	-20	-20	20	20	20	20	20	20	-20	20	20	-20	-2	-2	-2	-2	-15	15	15	15	15	15	15	15	15	-15	-2	-2	-2	-2	-2	-2	-2	16	16	16	16	16	16	16	16	16	16	-2	-2	-2	-2
-2	-2	-2	-2	-2	-1	-1	-1	-1	-2	-2	-2	-2	-2	-2	-2	-20	20	20	-20	-20	-20	-20	20	20	-20	-20	-20	-20	-20	20	20	-20	-20	-20	-20	-2	-2	-2	-2	-2	-2	-20	-20	-20	-20	20	20	-20	-20	-20	-20	-20	-20	-20	20	20	-20	-20	-20	-20	-20	-2	-2	-2	-2	-2	-2	-2	-2	-2	-2	-2	-2	-2	-2	-2	-2	-2	-2	-2	-2	-2	-2	-2	-2	-2	-2	-2	-2	-2	-2	-2	-2	12	12	12	12	12	12	12	12	12	12	12	-2	-2	-2	-2	-2	-2	-2	-2	-2	-2	-2	-2	-2	-2	-2	-2	-2	-2	-21	21	21	-21	-21	-21	-21	21	21	21	21	-21	-21	21	21	21	21	-21	-21	-21	-2	-2	20	20	20	20	20	20	20	-20	-20	-20	20	20	20	20	20	-20	-20	20	20	20	-2	-2	-2	-2	15	15	15	15	15	15	15	15	15	15	-2	-2	-2	-2	-2	-2	-2	-2	-2	-2	-2	-2	-2	-2	-2	-2	-2	-2	-2	-2	-2
-2	-2	-2	-2	-2	-2	-1	-1	-1	-2	-2	-2	-2	-2	-2	-2	-20	-20	-20	-20	-20	-20	20	20	20	20	-20	-20	-20	20	20	20	20	-20	-20	-20	-2	-2	-2	-2	-2	-2	-20	20	20	20	20	20	20	-20	-20	-20	20	20	20	20	20	20	-20	20	20	-20	-2	-2	-2	-2	-2	-2	-2	-2	-2	-2	-2	-2	-2	-2	-2	-2	-2	-2	-2	-2	-2	-2	-2	-2	-2	-2	-2	-2	-2	-2	-2	-2	12	-12	12	-12	12	-12	12	-12	12	12	12	-2	-2	-2	-2	-2	-2	-2	-2	-2	-2	-2	-2	-2	-2	-2	-2	-2	-2	-21	-21	-21	-21	-21	-21	21	21	21	21	21	-21	-21	21	21	21	21	-21	-21	-21	-2	-2	20	20	20	20	20	20	-20	-20	-20	-20	-20	20	-20	20	20	-20	-20	-20	20	-20	-2	-2	-2	-2	15	15	15	15	15	15	15	15	15	15	-2	-2	-2	-2	-2	-2	-2	-2	-2	-2	-2	-2	-2	-2	-2	-2	-2	-2	-2	-2	-2
-2	-2	-2	-2	-2	-2	-2	-2	-2	-2	-2	-1	-2	-2	-2	-2	20	20	-20	-20	-20	20	20	20	20	20	20	-20	-20	20	20	20	20	-20	-20	-20	-2	-2	-2	-2	-2	-2	20	20	20	20	20	20	20	-20	-20	-20	20	20	20	20	20	-20	-20	20	20	20	-2	-2	-2	-2	-2	-2	-2	-2	-2	-2	-2	-2	-2	-2	-2	-2	-2	-2	-2	-2	-2	-2	-2	-2	-2	-2	-2	-2	-2	-2	-2	-1	-1	-1	-1	-1	-1	-1	-1	-1	-1	-1	-1	-2	-1	-2	-2	-2	-2	-2	-2	-2	-2	-2	-2	-2	-2	-2	-2	-2	-2	21	21	21	-21	-21	21	21	21	21	21	21	-21	-21	-21	21	21	-21	-21	-21	-21	-2	-2	-20	20	20	-20	-20	-20	-20	20	20	-20	-20	-20	-20	-20	20	20	-20	-20	-20	-20	-2	-2	-2	-2	-2	-2	-2	-2	-2	-2	-2	-2	-2	-2	-2	-2	-2	-2	-2	-2	-2	-2	-2	-2	-2	-2	-2	-2	-2	-2	-2	-2	-2	-2	-2
-2	-2	-2	-2	-2	-2	-2	-2	-2	-2	-2	-2	-2	-2	-2	-2	20	20	20	-20	20	20	20	20	20	20	20	-20	-20	-20	20	20	-20	-20	20	20	-2	-2	-2	-2	-2	-2	20	20	20	20	20	20	-20	-20	-20	-20	-20	20	-20	20	20	-20	-20	-20	20	-20	-2	-2	-2	-2	-2	-2	-2	-2	-2	-2	-2	-2	-2	-2	-2	-2	-2	-2	-2	-2	-2	-2	-2	-2	-2	-2	-2	-2	-2	-2	-1	-1	-2	-2	-2	-2	-2	-2	-2	-2	-2	-2	-2	-2	-2	-2	-2	-1	-2	-1	-2	-2	-2	-2	-2	-2	-2	-2	-2	-2	-2	21	21	-21	-21	21	21	21	21	21	21	21	-21	-21	-21	-21	-21	-21	21	21	21	-2	-2	-20	-20	-20	-20	-20	-20	20	20	20	20	-20	-20	-20	20	20	20	20	-20	-20	-20	-2	-2	-2	-2	-2	-2	-2	-2	-2	-2	-2	-2	-2	-2	-2	-2	-2	-2	-2	-2	-2	-2	-2	-2	-2	-2	-2	-2	-2	-2	-2	-2	-2	-2	-2
-2	-2	-2	-2	-2	-2	-2	-2	-2	-2	-2	-2	-2	-2	-2	-2	-20	20	-20	-20	20	20	20	20	20	20	-20	-20	-20	-20	-20	-20	-20	20	20	20	-2	-2	-2	-2	-2	-2	-20	20	20	-20	-20	-20	-20	20	20	-20	-20	-20	-20	-20	20	20	-20	-20	-20	-20	-2	-2	-2	-2	-2	-2	-2	-2	-2	-2	-2	-2	-2	-2	-2	-2	-2	-2	-2	-2	-2	-2	-2	-2	-2	-2	-2	-2	-1	-1	-1	-2	-2	-2	-2	17	17	17	17	17	-2	-2	-2	-2	-2	-2	-2	-2	-2	-2	-2	-2	-2	-2	-2	-2	-2	-2	-2	-2	-2	-21	21	-21	-21	21	21	21	21	21	21	-21	-21	-21	-21	-21	-21	21	21	21	-21	-2	-2	20	20	-20	-20	-20	20	20	20	20	20	20	-20	-20	20	20	20	20	-20	-20	-20	-2	-2	-2	-2	-2	-2	-2	-2	-2	-2	-2	-2	-2	-2	-2	-2	-2	17	17	17	17	17	-2	-2	-2	-2	-2	-2	-2	-2	-2	-2	-2	-2	-2
-2	-2	-2	-2	-2	-2	-2	-2	-2	-2	-2	-2	-2	-2	-2	-2	-20	-20	-20	-20	-20	-20	20	20	-20	-20	-20	-20	-20	-20	-20	-20	-20	-20	20	-20	-2	-2	-2	-2	-2	-2	-20	-20	-20	-20	-20	-20	20	20	20	20	-20	-20	-20	20	20	20	20	-20	-20	-20	-2	-2	-2	-2	-2	-2	-2	-2	-2	-2	-2	-2	-2	-2	-2	-2	-2	-2	-2	-2	-2	-2	-2	-2	-2	-2	-1	-1	-1	-1	-2	-2	-2	-2	-2	-2	-2	-2	-2	-2	-2	-2	-2	-2	-2	-2	-2	-2	-2	-2	-2	-2	-2	-2	-1	-2	-2	-2	-2	-2	-2	-21	-21	-21	-21	-21	21	21	-21	-21	-21	-21	-21	-21	-21	-21	-21	-21	21	-21	-21	-2	-2	20	20	20	-20	20	20	20	20	20	20	20	-20	-20	-20	20	20	-20	-20	20	20	-2	-2	-2	-2	-2	-2	-2	-2	-2	-2	-2	-2	-2	-2	-2	-2	-2	-2	-2	-2	-2	-2	-2	-2	-2	-2	-2	-2	-2	-2	-2	-2	-2	-2	-2
-2	-2	-2	-2	-2	-2	-2	-2	-2	-2	-2	-2	-2	-2	-2	-2	-2	-2	-2	-2	-2	-2	-2	-2	-2	-2	-2	-2	-2	-2	-2	-2	-2	-2	-2	-2	-2	-2	-2	-2	-2	-2	20	20	-20	-20	-20	20	20	20	20	20	20	-20	-20	20	20	20	20	-20	-20	-20	-2	-2	-2	-2	-2	-2	-2	-2	-2	-2	-2	-2	-2	-2	-2	-2	-2	-2	-2	-2	-2	-2	-2	-2	-2	-2	-1	-1	-2	-2	-2	-2	-2	-2	-2	-2	-2	-2	-2	-2	-2	-2	-2	-2	-2	-2	-2	-2	-2	-2	-2	-2	-2	-2	-2	-2	-2	-2	-2	-2	-2	-2	-2	-2	-2	-2	-2	-2	-2	-2	-2	-2	-2	-2	-2	-2	-2	-2	-2	-2	-2	-2	-2	-20	20	-20	-20	20	20	20	20	20	20	-20	-20	-20	-20	-20	-20	-20	20	20	20	-2	-2	-2	-2	-2	-2	-2	-2	-15	15	15	15	15	15	15	15	15	-15	-2	-2	-2	-2	-2	-2	-2	-2	-2	-2	-2	-2	-2	-2	-2	-2	-2
-2	-2	-2	-2	-2	-2	-2	-2	-2	-2	-2	-2	-2	-2	-1	-2	-2	-2	-2	-2	-2	-2	-2	-2	-2	-2	-2	-2	-2	-2	-2	-2	-2	-2	-2	-2	-2	-2	-2	-2	-2	-2	20	20	20	-20	20	20	20	20	20	20	20	-20	-20	-20	20	20	-20	-20	20	20	-2	-2	-2	-2	-2	-2	-2	-2	-2	-2	-2	-2	-2	-2	-2	-2	-2	-2	-2	-2	-2	-2	-2	-2	-2	-2	-2	-2	-2	-2	-2	-2	-2	-2	-2	-2	-2	-2	-2	-2	-2	-2	-2	-2	-2	-2	-2	-2	-2	-2	-2	-2	-2	-2	-2	-2	-2	-2	-1	-2	-2	-2	-2	-2	-2	-2	-2	-2	-2	-14	-14	14	14	-14	-14	-14	-14	-14	-14	-14	-14	-14	-14	-20	-20	-20	-20	-20	-20	20	20	-20	-20	-20	-20	-20	-20	-20	-20	-20	-20	20	-20	-2	-2	-2	-2	-2	-2	-2	-2	15	15	15	15	15	15	15	15	15	15	-2	-2	-2	-2	-2	-2	-2	-2	-2	-2	-2	-2	-2	-2	-2	-2	-2
-2	-2	-2	-20	-20	-20	-20	20	20	-20	-20	-20	-20	-20	-20	-20	20	20	-20	-20	-20	-20	-20	-2	-2	-2	-2	-2	-2	-2	-2	-2	-2	-2	-2	-2	-2	-2	-2	-2	-2	-2	-20	20	-20	-20	20	20	20	20	20	20	-20	-20	-20	-20	-20	-20	-20	20	20	20	-2	-2	-2	-2	-2	-2	-2	-2	-2	-1	-2	-2	-2	-2	-2	-2	-2	-2	-2	-2	-2	-2	-2	-2	-2	-2	-2	-2	-2	-2	-2	-2	-2	-2	-2	-2	-2	-2	-2	-2	-2	-2	-2	-2	-2	-2	-2	-2	-2	-2	-2	-2	-2	-2	-2	-2	-2	-2	-2	-2	-2	-2	-2	-1	-2	-2	-2	-2	-2	-14	14	14	14	14	-14	-14	-14	-14	-14	14	14	-14	-14	-2	-2	-2	-2	-2	-2	-2	-2	-2	-2	-2	-2	-2	-2	-2	-2	-2	-2	-2	-2	-2	-2	-2	-2	-2	-2	-2	-2	15	15	15	15	15	15	15	15	15	15	-2	-2	-2	-2	-2	-2	-2	-2	-2	-2	-2	-2	-2	-2	-2	-2	-2
-2	-2	-2	-20	20	20	20	20	20	20	-20	-20	-20	20	20	20	20	20	20	-20	20	20	-20	-2	-2	-2	-2	-2	-2	-2	-2	-2	-2	-2	-2	-2	-2	-2	-2	-2	-2	-2	-20	-20	-20	-20	-20	-20	20	20	-20	-20	-20	-20	-20	-20	-20	-20	-20	-20	20	-20	-2	-2	-2	-2	-2	-2	-2	-2	-2	-2	-2	-2	-2	-2	-2	-2	-2	-2	-2	-2	-2	-2	-2	-2	-2	-2	-2	-2	-2	-2	-2	-2	-2	-2	-2	-2	-2	-2	-2	-2	-2	-2	-2	-2	-2	-2	-2	-2	-2	-2	-2	-2	-2	-2	-2	-2	-2	-2	-2	-2	-2	-2	-2	-2	-2	-2	-2	-2	-2	14	14	14	14	14	14	14	-14	-14	14	14	14	14	-14	-2	-2	-2	-2	-2	-2	-2	-2	-2	-2	-2	-20	-20	-20	-20	20	20	-20	-20	-20	-20	-20	-20	-20	20	20	-20	-20	-20	-20	-20	-2	-2	-2	-2	-2	-2	-2	-2	-2	-2	-2	-2	-2	-2	-2	-2	-2	-2	-2	-2	-2	-2	-2	-2
-2	-2	-2	20	20	20	20	20	20	20	-20	-20	-20	20	20	20	20	20	-20	-20	20	20	20	-2	-2	-2	-2	-2	-2	-2	-2	-2	-2	-2	-2	-2	-2	-2	-2	-2	-2	-2	-2	-2	-2	-2	-2	-2	-2	-2	-2	-2	-2	-2	-2	-2	-2	-2	-2	-2	-2	-2	-2	-2	-2	-2	-2	-2	-2	-2	-2	-2	-2	-2	-2	-2	-2	-2	-2	-2	-2	-2	-2	-2	-2	-2	-2	-2	-2	-2	-2	-2	-2	-2	-2	-2	-2	-2	-2	-2	-2	-2	-2	-2	-2	-2	-2	-2	-2	-2	-2	-2	-2	-2	-2	-2	-2	-2	-2	-2	-2	-2	-2	-2	-2	-2	-2	-2	-2	-2	-2	-14	-14	-14	-14	-14	-14	-14	-14	14	14	14	14	14	14	-2	-2	-2	-2	-2	-2	-2	-2	-2	-2	-2	-20	20	20	20	20	20	20	-20	-20	-20	20	20	20	20	20	20	-20	20	20	-20	-2	-2	-2	-2	-2	-2	-2	-2	-2	-2	-2	-2	-2	-2	-2	-2	-2	-2	-2	-2	-2	-2	-2	-2
-2	-2	-2	20	20	20	20	20	20	-20	-20	-20	-20	-20	20	-20	20	20	-20	-20	-20	20	-20	-2	-2	-2	-2	-2	-2	-2	-2	-2	-2	-2	-2	-2	-2	-2	-2	-2	-2	-2	-2	-2	-2	-2	-2	-2	-2	-2	-2	-2	-2	-2	-2	-2	-2	-1	-2	-2	-2	-2	-2	-2	-2	-2	-2	-2	-2	-2	-2	-2	-2	-2	-2	-2	-2	-2	-2	-2	-2	-2	-2	-2	-2	-2	-2	-2	-2	-2	-2	-2	-2	-2	-2	-2	-2	-2	-2	-2	-2	-2	-2	-2	-2	-2	-2	-2	-2	-2	-2	-2	-2	-2	-2	-2	-2	-2	-2	-2	-2	-2	-2	-2	-2	-2	-2	-2	-1	-2	-2	-14	-14	-14	14	14	14	14	-14	-14	-14	-14	-14	-14	-14	-2	-2	-2	-2	-2	-2	-2	-2	-2	-2	-2	20	20	20	20	20	20	20	-20	-20	-20	20	20	20	20	20	-20	-20	20	20	20	-2	-2	-2	-2	-2	-2	-2	-2	-2	-2	-2	-2	-2	-2	-2	-2	-2	-2	-2	-2	-2	-2	-2	-2
-2	-2	-2	-20	20	20	-20	-20	-20	-20	20	20	-20	-20	-20	-20	-20	20	20	-20	-20	-20	-20	-2	-2	-2	-2	-2	-2	-2	-2	-2	-2	-2	-2	-2	-2	-2	-2	-2	-2	-2	-2	-2	-2	-1	-2	-2	-2	-2	-2	-2	-2	-2	-2	-2	-2	-2	-2	-2	-2	-2	-2	-2	-2	-2	-2	-2	-2	-2	-2	-2	-2	-2	-2	-2	-2	-2	-2	-2	-2	-2	-2	-2	-2	-2	-2	-2	-2	-2	-2	-2	-2	-2	-2	-2	-2	-2	-2	-2	-2	-2	-2	-21	-21	21	21	21	21	-21	-21	-21	21	21	21	-21	21	21	-21	-21	-21	-21	-21	-2	-2	-2	-2	-2	-2	-2	-2	-14	-14	-14	-14	14	14	14	-14	-14	-14	-14	-14	-14	-14	-2	-2	-2	-2	-2	-2	-2	-2	-2	-2	-2	20	20	20	20	20	20	-20	-20	-20	-20	-20	20	-20	20	20	-20	-20	-20	20	-20	-2	-2	-2	-2	-2	-2	-2	-2	-2	-2	-2	-2	-2	-2	-2	-2	-2	-2	-2	-2	-2	-2	-2	-2
-2	-2	-2	-20	-20	-20	-20	-20	-20	20	20	20	20	-20	-20	-20	20	20	20	20	-20	-20	-20	-2	-2	-2	-2	-2	-2	-2	-2	-2	-2	-2	-2	-2	-2	-2	-2	-2	-2	-2	-2	-2	-2	-2	-2	-2	-2	-2	-2	-2	-2	-2	-2	-2	-2	-2	-2	-2	-2	-2	-2	-2	-2	-2	-2	-2	-2	-2	-2	-2	-2	-2	-2	-2	-2	-2	-2	-2	-2	-2	-2	-2	-2	-2	-2	-2	-2	-2	-2	-2	-2	-2	-2	-2	-2	-2	-2	-2	-2	-2	-2	21	21	21	21	21	21	21	-21	-21	-21	21	21	21	21	21	21	-21	21	21	-21	-2	-2	-2	-2	-2	-2	-2	-2	-2	-2	-1	-1	-1	-1	-1	-1	-2	-2	-2	-2	-2	-2	-2	-2	-2	-2	-2	-2	-2	-2	-2	-2	-2	-20	20	20	-20	-20	-20	-20	20	20	-20	-20	-20	-20	-20	20	20	-20	-20	-20	-20	-2	-2	-2	-2	-2	-2	-2	-2	-2	-2	-2	-2	-2	-2	-2	-2	-2	-2	-2	-2	-2	-2	-2	-2
-2	-2	-2	20	20	-20	-20	-20	20	20	20	20	20	20	-20	-20	20	20	20	20	-20	-20	-20	-2	-2	-2	-2	-2	-2	-2	-2	-2	-2	-2	-2	-2	-2	-2	-2	-2	-2	-2	-2	-2	-2	-2	-2	-2	-2	-2	-2	-2	-2	-2	-2	-2	-2	-2	-2	-2	-2	-2	-2	-2	-2	-2	-2	-2	-2	-2	-2	-2	-2	-2	-2	-2	-21	-21	21	21	21	21	-21	-21	-21	21	21	21	-21	21	21	-21	-21	-21	-21	-21	-2	-2	-2	-2	-2	-2	-2	21	21	21	21	21	21	21	21	-21	-21	-21	-21	21	21	21	21	-21	21	21	21	-2	-2	-2	-2	-2	-2	-2	-2	-2	-2	-1	-1	-1	-2	-2	-2	-2	-2	-2	-2	-2	-2	-2	-2	-2	-2	-2	-2	-2	-2	-2	-2	-2	-20	-20	-20	-20	-20	-20	20	20	20	20	-20	-20	-20	20	20	20	20	-20	-20	-20	-2	-2	-2	-2	-20	-20	-20	-20	20	20	-20	-20	-20	-20	-20	-20	-20	20	20	-20	-20	-20	-20	-20
-2	-2	-2	20	20	20	-20	20	20	20	20	20	20	20	-20	-20	-20	20	20	-20	-20	20	20	-2	-2	-2	-2	-2	-2	-2	-2	-2	-2	-1	-2	-2	-2	-2	-2	-2	-2	-2	-2	-2	-2	-2	-2	-2	-2	-2	-2	-2	-2	-2	-2	-2	-2	-2	-2	-2	-2	-2	-2	-2	-2	-2	-2	-2	-2	-2	-2	-2	-2	-2	-2	-2	21	21	21	21	21	21	21	-21	-21	-21	21	21	21	21	21	21	-21	21	21	-21	-2	-2	-2	-2	-2	-2	-2	21	21	21	21	21	21	-21	-21	-21	-21	-21	-21	-21	21	21	21	-21	-21	21	-21	-2	-2	-2	-2	-2	-2	-1	-2	-1	-1	-1	-2	-2	-2	-2	-2	-2	-2	-2	-2	-2	-2	-2	-2	-2	-2	-2	-2	-2	-2	-2	-2	-2	20	20	-20	-20	-20	20	20	20	20	20	20	-20	-20	20	20	20	20	-20	-20	-20	-2	-2	-2	-2	-20	20	20	20	20	20	20	-20	-20	-20	20	20	20	20	20	20	-20	20	20	-20
-2	-2	-2	-20	20	-20	-20	20	20	20	20	20	20	-20	-20	-20	-20	-20	-20	-20	20	20	20	-1	-2	-2	-2	-2	-2	-2	-2	-2	-2	-2	-2	-2	-2	-2	-2	-2	-2	-2	-2	-2	-2	-2	-2	-2	-2	-2	-2	-2	-2	-2	-2	-2	-2	-2	-2	-2	-2	-2	-2	-2	-2	-2	-2	-2	-2	-2	-2	-2	-2	-2	-2	-2	21	21	21	21	21	21	21	21	-21	-21	-21	-21	21	21	21	21	-21	21	21	21	-2	-2	-2	-2	-2	-2	-2	-21	21	21	-21	-21	-21	-21	21	21	21	21	-21	-21	21	21	21	21	-21	-21	-21	-2	-2	-2	-2	-2	-2	-2	-2	-2	-2	-1	-2	-2	-2	-2	-2	-2	-2	-2	-2	-2	-2	-2	-2	-2	-2	-2	-2	-2	-2	-2	-2	-2	20	20	20	-20	20	20	20	20	20	20	20	-20	-20	-20	20	20	-20	-20	20	20	-2	-2	-2	-2	20	20	20	20	20	20	20	-20	-20	-20	20	20	20	20	20	-20	-20	20	20	20
-2	-2	-2	-20	-20	-20	-20	-20	-20	20	20	-20	-20	-20	-20	-20	-20	-20	-20	-20	-20	20	-20	-2	-2	-2	-2	-2	-2	-2	-2	-2	-2	-2	-2	-2	-20	-20	-20	-20	20	20	-20	-20	-20	-20	-20	-20	-20	20	20	-20	-20	-20	-20	-20	-2	-2	-2	-2	-2	-2	-2	-2	-2	-2	-2	-2	-2	-2	-2	-2	-2	-2	-2	-2	21	21	21	21	21	21	-21	-21	-21	-21	-21	-21	-21	21	21	21	-21	-21	21	-21	-2	-2	-2	-2	-2	-2	-2	-21	-21	-21	-21	-21	-21	21	21	21	21	21	-21	-21	21	21	21	21	-21	-21	-21	-2	-2	-2	-2	-2	-2	-2	-2	-2	-2	-2	-2	-1	-2	-1	-2	-2	-2	-2	-2	-2	-2	-1	-2	-2	-2	-2	-2	-2	-2	-2	-2	-2	-20	20	-20	-20	20	20	20	20	20	20	-20	-20	-20	-20	-20	-20	-20	20	20	20	-2	-2	-2	-2	20	20	20	20	20	20	-20	-20	-20	-20	-20	20	-20	20	20	-20	-20	-20	20	-20
-2	-2	-2	-2	-2	-2	-2	-2	-2	-2	-2	-2	-2	-2	-2	-2	-2	-2	-2	-2	-2	-2	-2	-2	-2	-2	-2	-2	-2	-2	-2	-2	-2	-2	-2	-2	-20	20	20	20	20	20	20	-20	-20	-20	20	20	20	20	20	20	-20	20	20	-20	-2	-2	-2	-2	-2	-2	-2	-2	-2	-2	-2	-2	-2	-2	-2	-2	-2	-2	-2	-2	-21	21	21	-21	-21	-21	-21	21	21	21	21	-21	-21	21	21	21	21	-21	-21	-21	-2	-2	-2	-2	-2	-2	-2	21	21	21	-21	-21	21	21	21	21	21	21	-21	-21	-21	21	21	-21	-21	-21	-21	-2	-2	-2	-2	-2	-2	-2	-2	-2	-2	-2	-2	-2	-2	-2	-2	-1	-2	-2	-2	-1	-2	-2	-2	-2	-1	-2	-2	-2	-2	-2	-2	-2	-20	-20	-20	-20	-20	-20	20	20	-20	-20	-20	-20	-20	-20	-20	-20	-20	-20	20	-20	-2	-2	-2	-2	-20	20	20	-20	-20	-20	-20	20	20	-20	-20	-20	-20	-20	20	20	-20	-20	-20	-20
-2	-2	-2	-2	-2	-2	-2	-2	-2	-2	-2	-2	-2	-2	-2	-2	-2	-2	-2	-2	-2	-2	-2	-2	-2	-2	-2	-1	-2	-2	-2	-2	-2	-2	-2	-2	20	20	20	20	20	20	20	-20	-20	-20	20	20	20	20	20	-20	-20	20	20	20	-2	-2	-2	-2	-2	-2	-2	-2	-2	-2	-2	-2	-2	-2	-2	-2	-2	-2	-2	-2	-21	-21	-21	-21	-21	-21	21	21	21	21	21	-21	-21	21	21	21	21	-21	-21	-21	-2	-2	-2	-2	-2	-2	-2	21	21	-21	-21	21	21	21	21	21	21	21	-21	-21	-21	-21	-21	-21	21	21	21	-2	-2	-2	-2	-2	-2	-1	-2	-2	-2	-2	-2	-2	-2	-2	-2	-2	-1	-2	-2	-2	-2	-2	-2	-2	-2	-2	-2	-2	-2	-2	-2	-2	-2	-2	-2	-2	-2	-2	-2	-2	-2	-2	-2	-2	-2	-2	-2	-2	-2	-2	-2	-2	-2	-2	-2	-2	-20	-20	-20	-20	-20	-20	20	20	20	20	-20	-20	-20	20	20	20	20	-20	-20	-20
-2	-2	-2	-2	-2	-2	-2	-2	-2	-2	-2	-2	-2	-2	-2	-2	-2	-2	-2	-2	-2	-2	-2	-2	-2	-2	-2	-2	-2	-2	-2	-2	-2	-2	-2	-2	20	20	20	20	20	20	-20	-20	-20	-20	-20	20	-20	20	20	-20	-20	-20	20	-20	-2	-2	-2	-2	-2	-2	-2	-2	-2	-2	-2	-2	-2	-2	-2	-2	-2	-2	-2	-2	21	21	21	-21	-21	21	21	21	21	21	21	-21	-21	-21	21	21	-21	-21	-21	-21	-2	-2	-2	-2	-2	-2	-2	-21	21	-21	-21	21	21	21	21	21	21	-21	-21	-21	-21	-21	-21	21	21	21	-21	-2	-2	-2	-2	-2	-2	-2	-2	-2	-2	-2	-2	-2	-2	-2	-2	-2	-2	-2	-2	-2	-2	-2	-2	-2	-2	-2	-2	-2	-2	-2	-2	-2	-2	-2	-2	-2	-2	-2	-2	-2	-2	-2	-2	-2	-2	-2	-2	-2	-2	-2	-2	-2	-2	-2	-2	-2	20	20	-20	-20	-20	20	20	20	20	20	20	-20	-20	20	20	20	20	-20	-20	-20
-2	-2	-2	-2	-2	-2	-2	-2	-2	-2	-2	-2	-2	-2	-2	-2	-2	-2	-2	-2	-2	-2	-2	-2	-2	-2	-2	-2	-2	-2	-2	-2	-2	-2	-2	-2	-20	20	20	-20	-20	-20	-20	20	20	-20	-20	-20	-20	-20	20	20	-20	-20	-20	-20	-2	-2	-2	-2	-2	-2	-2	-2	-2	-2	-2	-2	-2	-2	-2	-2	-2	-2	-2	-2	21	21	-21	-21	21	21	21	21	21	21	21	-21	-21	-21	-21	-21	-21	21	21	21	-2	-2	-2	-2	-2	-2	-2	-21	-21	-21	-21	-21	21	21	-21	-21	-21	-21	-21	-21	-21	-21	-21	-21	21	-21	-21	-2	-2	-2	-2	-2	-2	-2	-2	-2	-2	-2	-2	-2	-2	-2	-2	-2	-2	-2	-2	-2	-2	-2	-2	-2	-2	-1	-2	-2	-2	-2	-2	-2	-2	-2	-2	-2	-2	-2	-2	-2	-2	-2	-2	-2	-2	-2	-2	-2	-2	-2	-2	-2	-2	-2	-2	-2	20	20	20	-20	20	20	20	20	20	20	20	-20	-20	-20	20	20	-20	-20	20	20
-2	-2	-2	-2	-2	-2	-2	-2	-2	-2	-2	-2	-2	-2	-2	-2	-2	-2	-2	-2	-2	-2	-2	-2	-2	-2	-2	-2	-2	-2	-2	-2	-2	-2	-2	-2	-20	-20	-20	-20	-20	-20	20	20	20	20	-20	-20	-20	20	20	20	20	-20	-20	-20	-2	-2	-2	-2	-2	-2	-2	-2	-2	-2	-2	-2	-2	-2	-2	-2	-2	-2	-2	-2	-21	21	-21	-21	21	21	21	21	21	21	-21	-21	-21	-21	-21	-21	21	21	21	-21	-2	-2	-2	-2	-2	-2	-2	-2	-2	-2	-2	-2	-2	-2	-2	-2	-2	-2	-2	-2	-2	-2	-2	-2	-2	-2	-2	-2	-2	-2	-2	-2	-2	-2	-2	-2	-2	-2	-2	-2	-2	-2	-2	-2	-2	-2	-2	-2	-2	-2	-2	-2	-2	-2	-2	-2	-2	-2	-2	-2	-2	-2	-2	-2	-2	-2	-2	-2	-2	-2	-2	-2	-2	-2	-2	-2	-2	-2	-2	-2	-2	-2	-2	-2	-20	20	-20	-20	20	20	20	20	20	20	-20	-20	-20	-20	-20	-20	-20	20	20	20
-2	-2	-2	-2	-2	-2	-2	-2	-2	-2	-2	-2	-2	-2	-2	-2	-2	-2	-2	-2	-2	-2	-2	-1	-2	-2	-2	-2	-2	-2	-2	-2	-2	-2	-2	-2	20	20	-20	-20	-20	20	20	20	20	20	20	-20	-20	20	20	20	20	-20	-20	-20	-2	-2	-2	-2	-2	-2	-2	-2	-2	-2	-2	-2	-2	-2	-2	-2	-2	-2	-2	-2	-21	-21	-21	-21	-21	21	21	-21	-21	-21	-21	-21	-21	-21	-21	-21	-21	21	-21	-21	-2	-2	-2	-2	-2	-2	-2	-2	-2	-2	-2	-2	-2	-2	-2	-2	-2	-2	-2	-2	-2	-2	-2	-2	-2	-2	-2	-2	-2	-2	-1	-2	-2	-2	-2	-2	-2	-2	-2	-2	-2	-2	-2	-2	-2	-2	-2	-2	-2	-2	-2	-2	-2	-2	-2	-2	-2	-2	-2	-2	-2	-2	-2	-2	-2	-2	-2	-2	-2	-2	-2	-2	-2	-2	-2	-2	-2	-2	-2	-2	-2	-2	-2	-2	-20	-20	-20	-20	-20	-20	20	20	-20	-20	-20	-20	-20	-20	-20	-20	-20	-20	20	-20
-2	-2	-2	-2	-2	-2	-2	-2	-2	-2	-2	-2	-2	-2	-2	-2	-2	-2	-2	-2	-2	-2	-2	-2	-2	-2	-2	-2	-2	-1	-2	-2	-2	-2	-2	-2	20	20	20	-20	20	20	20	20	20	20	20	-20	-20	-20	20	20	-20	-20	20	20	-2	-2	-2	-2	-2	-2	-2	-2	-2	-2	-2	-2	-2	-2	-21	-21	21	21	21	21	-21	-21	-21	21	21	21	-21	21	21	-21	-21	-21	-21	-21	-2	-2	-2	-2	-2	-2	-2	-2	-2	-2	-2	-2	-2	-2	-2	-2	-1	-2	-2	-2	-2	-2	-1	-2	-2	-2	-2	-2	-2	-2	-1	-2	-2	-2	-2	-2	-2	-2	-2	-2	-2	-2	-2	-2	-2	-2	-2	-2	-2	-2	-2	-2	-2	-2	-2	-2	-2	-2	-2	-2	-2	-2	-2	-2	-2	-2	-2	-20	-20	-20	-20	20	20	-20	-20	-20	-20	-20	-20	-20	20	20	-20	-20	-20	-20	-20	-2	-2	-2	-2	-2	-2	-2	-2	-2	-2	-2	-2	-2	-2	-2	-2	-2	-2	-2	-2	-2	-2	-2
-2	-2	-2	-2	-2	-2	-2	-2	-2	-2	-2	-2	-2	-2	-2	-2	-2	-2	-2	-2	-2	-2	-2	-2	-2	-2	-2	-2	-2	-2	-2	-2	-2	-2	-2	-2	-20	20	-20	-20	20	20	20	20	20	20	-20	-20	-20	-20	-20	-20	-20	20	20	20	-2	-2	-2	-2	-2	-2	-2	-2	-2	-2	-2	-2	-2	-2	21	21	21	21	21	21	21	-21	-21	-21	21	21	21	21	21	21	-21	21	21	-21	-2	-2	-2	-2	-2	-2	-2	-2	-2	-2	-2	-2	-2	-2	-2	-2	-2	-2	-2	-2	-2	-2	-2	-2	-2	-2	-2	-2	-2	-2	-2	-2	-2	-2	-2	-2	-2	-2	-2	-2	-2	-2	-2	-2	-2	-2	-2	-2	-2	-2	-2	-2	-2	-2	-2	-2	-2	-2	-2	-2	-2	-2	-2	-2	-2	-2	-2	-20	20	20	20	20	20	20	-20	-20	-20	20	20	20	20	20	20	-20	20	20	-20	-2	-2	-2	-2	-2	-2	-2	-2	-2	-2	-2	-2	-2	-2	-2	-2	-2	-2	-2	-2	-2	-2	-2
-2	-2	-2	-2	-2	-2	-2	-2	-2	-2	-2	-2	-2	-2	-2	-2	-2	-2	-2	-2	-2	-2	-2	-2	-2	-2	-2	-2	-2	-2	-2	-2	-2	-2	-2	-2	-20	-20	-20	-20	-20	-20	20	20	-20	-20	-20	-20	-20	-20	-20	-20	-20	-20	20	-20	-2	-2	-2	-2	-2	-2	-2	-2	-2	-2	-2	-2	-2	-2	21	21	21	21	21	21	21	21	-21	-21	-21	-21	21	21	21	21	-21	21	21	21	-2	-2	-2	-2	-2	-2	-2	-2	-2	-2	-1	-2	-2	-2	-2	-2	-2	-2	-2	-2	-2	-2	-2	-2	-2	-2	-2	-2	-2	-2	-2	-2	-2	-2	-2	-2	-2	-2	-2	-2	-2	-2	-2	-2	-2	-2	-2	-2	-2	-2	-2	-2	-2	-2	-2	-2	-2	-2	-2	-2	-2	-2	-1	-2	-2	-2	-2	20	20	20	20	20	20	20	-20	-20	-20	20	20	20	20	20	-20	-20	20	20	20	-2	-2	-2	-2	-2	-2	-2	-2	-2	-2	-2	-2	-2	-2	-2	-2	-2	-2	-2	-2	-2	-2	-2
-2	-2	-2	-2	-2	-2	-2	-2	-2	-2	-2	-2	-2	-2	-2	-2	-1	-2	-2	-2	-2	-2	-2	-2	-2	-2	-2	-2	-2	-2	-2	-2	-2	-2	-2	-2	-2	-2	-2	-2	-2	-2	-2	-2	-2	-2	-2	-2	-2	-2	-2	-2	-2	-2	-2	-2	-2	-2	-2	-2	-2	-2	-2	-2	-2	-2	-2	-2	-2	-2	21	21	21	21	21	21	-21	-21	-21	-21	-21	-21	-21	21	21	21	-21	-21	21	-21	-2	-2	-2	-1	-2	-2	-2	-2	-2	-2	-2	-2	-2	-2	-2	-2	-2	-2	-2	-2	-2	-2	-2	-2	-2	-2	-2	-2	-2	-2	-2	-2	-2	-2	-2	-2	-21	-21	21	21	21	21	-21	-21	-21	21	21	21	-21	21	21	-21	-21	-21	-21	-21	-2	-2	-2	-2	-2	-2	-2	-2	-2	-2	-2	20	20	20	20	20	20	-20	-20	-20	-20	-20	20	-20	20	20	-20	-20	-20	20	-20	-2	-2	-2	-2	-2	-2	-2	-2	-2	-2	-2	-2	-2	-2	-2	-2	-2	-2	-2	-2	-2	-2	-2
-2	-1	-2	-2	-2	-2	-2	-2	-2	-2	-2	-2	-2	-2	-2	-2	-2	-2	-2	-2	-2	-2	-2	-2	-2	-2	-2	-2	-2	-2	-2	-2	-2	-2	-2	-2	-2	-2	-2	-2	-2	-2	-2	-2	-2	-2	-2	-2	-2	-2	-2	-2	-2	-2	-2	-2	-2	-2	-2	-2	-2	-2	-2	-2	-2	-2	-2	-2	-2	-2	-21	21	21	-21	-21	-21	-21	21	21	21	21	-21	-21	21	21	21	21	-21	-21	-21	-2	-2	-2	-2	-2	-2	-2	-2	-2	-2	-2	-2	-2	-2	-2	-2	-2	-2	-2	-2	-2	-2	-2	-2	-2	-2	-2	-2	-2	-2	-2	-2	-2	-2	-2	-2	21	21	21	21	21	21	21	-21	-21	-21	21	21	21	21	21	21	-21	21	21	-21	-2	-2	-2	-2	-2	-2	-2	-2	-2	-2	-2	-20	20	20	-20	-20	-20	-20	20	20	-20	-20	-20	-20	-20	20	20	-20	-20	-20	-20	-2	-2	-2	-2	-2	-2	-2	-2	-2	-2	-2	-2	-2	-2	-2	-2	-2	-2	-2	-2	-2	-2	-2
-2	-2	-2	-2	-2	-2	-2	-2	-1	-2	-2	-2	-2	-2	-2	-2	-2	-2	-2	-2	-2	-2	-2	-2	-2	-2	-2	-2	-2	-2	-2	-2	-2	-2	-2	-2	-2	-2	-2	-2	-2	-2	-2	-2	-2	-2	-2	-2	-2	-2	-2	-2	-2	-2	-2	-2	-2	-2	-2	-2	-2	-2	-2	-2	-2	-2	-2	-2	-2	-2	-21	-21	-21	-21	-21	-21	21	21	21	21	21	-21	-21	21	21	21	21	-21	-21	-21	-2	-2	-2	-2	-2	-2	-2	-2	-2	-2	-2	-2	-2	-2	-2	-2	-2	-2	-2	-2	-2	-2	-2	-1	-2	-1	-2	-2	-2	-2	-2	-2	-2	-2	-2	-2	21	21	21	21	21	21	21	21	-21	-21	-21	-21	21	21	21	21	-21	21	21	21	-2	-2	-2	-2	-2	-2	-2	-2	-2	-2	-2	-20	-20	-20	-20	-20	-20	20	20	20	20	-20	-20	-20	20	20	20	20	-20	-20	-20	-2	-2	-2	-2	-2	-2	-2	-2	-2	-2	-2	-2	-2	-2	-2	-2	-2	-2	-2	-2	-2	-2	-2
-2	-2	-2	-2	-2	-2	-2	-2	-2	-2	-2	-2	-2	-2	-2	-2	-2	-2	-2	-2	-2	-2	-2	-2	-2	-2	-2	-2	-2	-2	-2	-2	-2	-2	-2	-2	-2	-2	-2	-2	-2	-2	-20	-20	-20	-20	20	20	-20	-20	-20	-20	-20	-20	-20	20	20	-20	-20	-20	-20	-20	-2	-2	-2	-2	-2	-2	-2	-2	21	21	21	-21	-21	21	21	21	21	21	21	-21	-21	-21	21	21	-21	-21	-21	-21	-2	-2	-1	-2	-2	-2	-2	-2	-2	-2	-2	-2	-2	-2	-2	-2	-2	-2	-2	-2	-2	-2	-2	-2	-2	-2	-1	-2	-1	-1	-2	-2	-2	-2	-2	-2	21	21	21	21	21	21	-21	-21	-21	-21	-21	-21	-21	21	21	21	-21	-21	21	-21	-2	-2	-2	-2	-2	-2	-2	-2	-2	-2	-2	20	20	-20	-20	-20	20	20	20	20	20	20	-20	-20	20	20	20	20	-20	-20	-20	-2	-2	-2	-2	-2	-2	-2	-2	-2	-2	-2	-2	-2	-2	-2	-2	-2	-2	-2	-2	-2	-2	-2
-2	-2	-2	-2	-2	-2	-2	-2	-2	-2	-2	-2	-2	-2	-2	-2	-2	-2	-2	-2	-2	-2	-2	-2	-2	-2	-2	-2	-2	-2	-2	-2	-2	-2	-2	-1	-2	-2	-2	-2	-2	-2	-20	20	20	20	20	20	20	-20	-20	-20	20	20	20	20	20	20	-20	20	20	-20	-2	-2	-2	-2	-2	-2	-2	-2	21	21	-21	-21	21	21	21	21	21	21	21	-21	-21	-21	-21	-21	-21	21	21	21	-2	-2	-2	-2	-2	-2	-2	-2	-2	-2	-2	-2	-2	-2	-2	-2	-2	-2	-2	-2	-2	-2	-2	-2	-2	-2	-2	-1	-2	-2	-1	-1	-2	-2	-2	-2	-21	21	21	-21	-21	-21	-21	21	21	21	21	-21	-21	21	21	21	21	-21	-21	-21	-2	-2	-2	-2	-2	-2	-2	-2	-2	-2	-2	20	20	20	-20	20	20	20	20	20	20	20	-20	-20	-20	20	20	-20	-20	20	20	-2	-2	-2	-2	-2	-2	-2	-2	-2	-2	-2	-2	-2	-2	-2	-2	-2	-2	-2	-2	-2	-2	-2
-2	-2	-2	-2	-2	-2	-2	-2	-2	-2	-2	-2	-2	-2	-2	-2	-2	-2	-2	-2	-2	-2	-2	-2	-2	-2	-2	-2	-2	-2	-2	-2	-2	-2	-2	-2	-2	-2	-2	-2	-2	-2	20	20	20	20	20	20	20	-20	-20	-20	20	20	20	20	20	-20	-20	20	20	20	-2	-2	-2	-2	-2	-2	-2	-2	-21	21	-21	-21	21	21	21	21	21	21	-21	-21	-21	-21	-21	-21	21	21	21	-21	-2	-2	-2	-2	-2	-2	-2	-2	-2	-2	-2	-2	22	22	22	22	22	-22	-22	-22	-22	-22	22	22	22	22	22	-22	-22	-22	-22	-22	-1	-2	-2	-2	-21	-21	-21	-21	-21	-21	21	21	21	21	21	-21	-21	21	21	21	21	-21	-21	-21	-2	-2	-2	-2	-2	-2	-2	-2	-2	-2	-2	-20	20	-20	-20	20	20	20	20	20	20	-20	-20	-20	-20	-20	-20	-20	20	20	20	-2	-2	-2	-2	-2	-2	-2	-2	-2	-2	-2	-2	-2	-2	-2	-2	-2	-2	-2	-2	-2	-2	-2
-2	-2	-2	-2	-20	-20	-20	-20	20	20	-20	-20	-20	-20	-20	-20	-20	20	20	-20	-20	-20	-20	-20	-2	-2	-2	-2	-2	-2	-2	-2	-2	-2	-2	-2	-2	-2	-2	-2	-2	-2	20	20	20	20	20	20	-20	-20	-20	-20	-20	20	-20	20	20	-20	-20	-20	20	-20	-2	-2	-2	-2	-2	-2	-2	-2	-21	-21	-21	-21	-21	21	21	-21	-21	-21	-21	-21	-21	-21	-21	-21	-21	21	-21	-21	-2	-2	-2	-2	-2	-2	-2	-2	-2	-2	-2	-2	22	22	22	22	22	22	-22	-22	22	22	22	22	22	22	22	-22	-22	22	22	22	-1	-2	-2	-2	21	21	21	-21	-21	21	21	21	21	21	21	-21	-21	-21	21	21	-21	-21	-21	-21	-2	-2	-2	-2	-2	-2	-2	-2	-2	-2	-2	-20	-20	-20	-20	-20	-20	20	20	-20	-20	-20	-20	-20	-20	-20	-20	-20	-20	20	-20	-2	-2	-2	-2	-2	-2	-2	-2	-2	-2	-2	-2	-2	-2	-2	-2	-2	-2	-2	-2	-2	-2	-2
-2	-2	-2	-2	-20	20	20	20	20	20	20	-20	-20	-20	20	20	20	20	20	20	-20	20	20	-20	-2	-2	-2	-2	-2	-2	-2	-2	-2	-2	-2	-2	-2	-2	-2	-2	-2	-2	-20	20	20	-20	-20	-20	-20	20	20	-20	-20	-20	-20	-20	20	20	-20	-20	-20	-20	-2	-2	-2	-2	-2	-2	-2	-2	-2	-2	-2	-2	-2	-2	-2	-2	-2	-2	-2	-2	-2	-2	-2	-2	-2	-2	-2	-2	-2	-2	-2	-2	-1	-2	-2	-2	-1	-2	-2	-2	-22	22	22	22	22	-22	-22	22	22	22	22	22	22	22	-22	-22	22	22	22	-22	-1	-2	-2	-2	21	21	-21	-21	21	21	21	21	21	21	21	-21	-21	-21	-21	-21	-21	21	21	21	-2	-2	-2	-2	-2	-2	-2	-2	-2	-1	-2	-2	-2	-2	-2	-2	-2	-2	-2	-2	-2	-2	-2	-2	-2	-2	-2	-2	-2	-2	-2	-2	-2	-2	-2	-2	-2	-2	-2	-2	-2	-2	-2	-2	-2	-2	-2	-2	-2	-2	-2	-2	-2	-2
-2	-2	-2	-2	20	20	20	20	20	20	20	-20	-20	-20	20	20	20	20	20	-20	-20	20	20	20	-2	-2	-2	-2	-2	-2	-2	-2	-2	-2	-2	-2	-2	-2	-2	-2	-2	-2	-20	-20	-20	-20	-20	-20	20	20	20	20	-20	-20	-20	20	20	20	20	-20	-20	-20	-2	-2	-2	-2	-2	-2	-2	-2	-2	-2	-2	-2	-2	-2	-2	-2	-2	-2	-2	-2	-2	-2	-2	-2	-2	-2	-2	-2	-2	-2	-2	-2	-2	-2	-2	-2	-2	-2	-2	-2	22	22	22	22	-22	-22	-22	-22	22	-22	-22	22	22	-22	-22	-22	-22	22	-22	-22	-2	-1	-2	-2	-21	21	-21	-21	21	21	21	21	21	21	-21	-21	-21	-21	-21	-21	21	21	21	-21	-2	-2	-2	-2	-2	-2	-2	-2	-2	-2	-2	-2	-2	-2	-2	-2	-2	-2	-2	-2	-2	-2	-2	-2	-2	-2	-2	-2	-2	-2	-2	-2	-2	-2	-2	-2	-2	-2	-2	-2	-2	-2	-2	-2	-2	-2	-2	-2	-2	-2	-2	-2	-2	-2
-2	-2	-2	-2	20	20	20	20	20	20	-20	-20	-20	-20	-20	20	-20	20	20	-20	-20	-20	20	-20	-2	-2	-2	-2	-2	-2	-2	-2	-2	-2	-2	-2	-2	-2	-2	-2	-2	-2	20	20	-20	-20	-20	20	20	20	20	20	20	-20	-20	20	20	20	20	-20	-20	-20	-2	-2	-2	-2	-2	-2	-2	-2	-2	-2	-2	-2	-2	-2	-2	-2	-2	-2	-2	-2	-2	-2	-2	-2	-2	-2	-2	-2	-2	-2	-2	-2	-2	-2	-2	-2	-2	-2	-2	-2	-22	22	22	22	-22	-22	-22	-22	-22	-22	-22	22	22	-22	-22	-22	-22	-22	-22	-22	-2	-2	-1	-2	-21	-21	-21	-21	-21	21	21	-21	-21	-21	-21	-21	-21	-21	-21	-21	-21	21	-21	-21	-2	-2	-2	-2	-2	-2	-2	-2	-2	-2	-2	-2	-2	-2	-2	-2	-2	-2	-2	-2	-2	-2	-2	-2	-2	-2	-2	-2	-2	-2	-2	-2	-2	-2	-2	-2	-2	-2	-2	-2	-2	-2	-2	-2	-2	-2	-2	-2	-2	-2	-2	-2	-2	-2
-2	-2	-2	-2	-20	20	20	-20	-20	-20	-20	20	20	-20	-20	-20	-20	-20	20	20	-20	-20	-20	-20	-2	-2	-2	-2	-2	-2	-2	-2	-2	-2	-2	-2	-2	-2	-2	-2	-2	-2	20	20	20	-20	20	20	20	20	20	20	20	-20	-20	-20	20	20	-20	-20	20	20	-2	-2	-2	-2	-2	-2	-2	-2	-2	-2	-2	-2	-2	-2	-2	-2	-2	-2	-2	-2	22	22	22	22	22	-22	-22	-22	-22	-22	22	22	22	22	22	-22	-22	-22	-22	-22	-22	-22	22	-22	-22	22	22	22	22	22	-22	-22	-22	-22	22	22	22	22	22	-22	-2	-1	-2	-2	-2	-2	-2	-2	-2	-2	-2	-2	-2	-2	-2	-2	-2	-2	-2	-2	-2	-2	-2	-2	-2	-2	-2	-2	-2	-2	-2	-2	-2	-2	-2	-2	-2	-2	-2	-2	-2	-2	-2	-2	-2	-2	-2	-2	-2	-2	-2	-20	-20	-20	-20	20	20	-20	-20	-20	-20	-20	-20	-20	20	20	-20	-20	-20	-20	-20	-2	-2	-2	-2	-2	-2	-2
-2	-2	-2	-2	-20	-20	-20	-20	-20	-20	20	20	20	20	-20	-20	-20	20	20	20	20	-20	-20	-20	-2	-2	-2	-2	-2	-2	-2	-2	-2	-2	-2	-2	-2	-2	-2	-2	-2	-2	-20	20	-20	-20	20	20	20	20	20	20	-20	-20	-20	-20	-20	-20	-20	20	20	20	-2	-2	-2	-2	-2	-2	-2	-2	-2	-2	-2	-2	-2	-2	-2	-2	-2	-2	-2	-2	22	22	22	22	22	22	-22	-22	22	22	22	22	22	22	22	-22	-22	22	22	22	-22	-22	-22	-22	22	22	22	22	22	22	22	22	-22	22	22	22	22	22	22	-22	-2	-1	-2	-2	-2	-2	-2	-2	-2	-2	-2	-2	-2	-2	-2	-2	-2	-2	-2	-2	-2	-2	-2	-2	-2	-2	-2	-2	-2	-2	-2	-2	-2	-2	-2	-2	-2	-2	-2	-2	-2	-2	-2	-2	-2	-2	-2	-2	-2	-2	-2	-20	20	20	20	20	20	20	-20	-20	-20	20	20	20	20	20	20	-20	20	20	-20	-2	-2	-2	-2	-2	-2	-2
-2	-2	-2	-2	20	20	-20	-20	-20	20	20	20	20	20	20	-20	-20	20	20	20	20	-20	-20	-20	-2	-2	-2	-2	-2	-2	-2	-2	-2	-2	-2	-2	-2	-2	-2	-2	-2	-2	-20	-20	-20	-20	-20	-20	20	20	-20	-20	-20	-20	-20	-20	-20	-20	-20	-20	20	-20	-2	-2	-2	-2	-2	-2	-2	-2	-2	-2	-2	-2	-2	-2	-2	-2	-2	-2	-2	-2	-22	22	22	22	22	-22	-22	22	22	22	22	22	22	22	-22	-22	22	22	22	-22	22	22	22	-22	-22	22	22	22	22	22	22	-22	-22	-22	22	22	22	22	22	22	-2	-2	-1	-2	-2	-2	-2	-2	-2	-2	-2	-2	-2	-2	-2	-2	-2	-2	-2	-2	-2	-2	-2	-2	-2	-2	-2	-2	-2	-2	-2	-2	-2	-2	-2	-2	-2	-2	-2	-2	-2	-2	-2	-2	-2	-2	-2	-2	-2	-2	-2	20	20	20	20	20	20	20	-20	-20	-20	20	20	20	20	20	-20	-20	20	20	20	-2	-2	-2	-2	-2	-2	-2
-2	-2	-2	-2	20	20	20	-20	20	20	20	20	20	20	20	-20	-20	-20	20	20	-20	-20	20	20	-2	-2	-2	-2	-2	-2	-2	-2	-2	-2	-2	-2	-2	-2	-2	-2	-2	-2	-2	-2	-2	-2	-2	-2	-2	-2	-2	-2	-2	-2	-2	-2	-2	-2	-2	-2	-2	-2	-2	-2	-2	-2	-2	-2	-2	-2	-2	-2	-2	-2	-2	-2	-2	-2	-2	-2	-2	-2	22	22	22	22	-22	-22	-22	-22	22	-22	-22	22	22	-22	-22	-22	-22	22	-22	-22	-22	22	22	22	-22	-22	22	22	-22	22	-22	-22	-22	-22	-22	22	22	-22	22	-22	-2	-1	-2	-2	-2	-2	-2	-2	-2	-2	-2	-2	-2	-2	-2	-2	-2	-2	-2	-2	-2	-2	-2	-2	-2	-2	-2	-2	-2	-2	-2	-2	-2	-2	-2	-2	-2	-2	-2	-2	-2	-2	-2	-2	-2	-2	-2	-2	-2	-2	-2	20	20	20	20	20	20	-20	-20	-20	-20	-20	20	-20	20	20	-20	-20	-20	20	-20	-2	-2	-2	-2	-2	-2	-2
-2	-2	-2	-2	-20	20	-20	-20	20	20	20	20	20	20	-20	-20	-20	-20	-20	-20	-20	20	20	20	-2	-2	-2	-2	-2	-2	-2	-2	-2	-2	-2	-2	-2	-2	-2	-2	-2	-2	-2	-2	-2	-2	-2	-2	-2	-2	-2	-2	-2	-2	-2	-2	-2	-2	-2	-2	-2	-2	-2	-2	-2	-2	-2	-2	-2	-2	-2	-2	-2	-2	-2	-2	-2	-2	-2	-2	-2	-2	-22	22	22	22	-22	-22	-22	-22	-22	-22	-22	22	22	-22	-22	-22	-22	-22	-22	-22	-22	-22	22	-22	-22	-22	22	22	-22	-22	-22	-22	-22	-22	-22	22	22	-22	-22	-22	-1	-2	-2	-2	-2	-2	-2	-2	-2	-2	-2	-2	-2	-2	-2	-2	-2	-2	-2	-2	-2	-2	-2	-2	-2	-2	-2	-2	-2	-2	-2	-2	-2	-2	-2	-2	-2	-2	-2	-2	-2	-2	-2	-2	-2	-2	-2	-2	-2	-2	-2	-20	20	20	-20	-20	-20	-20	20	20	-20	-20	-20	-20	-20	20	20	-20	-20	-20	-20	-2	-2	-2	-2	-2	-2	-2
-2	-2	-2	-2	-20	-20	-20	-20	-20	-20	20	20	-20	-20	-20	-20	-20	-20	-20	-20	-20	-20	20	-20	-2	-2	-2	-2	-2	-2	-2	-2	-2	-2	-2	-2	-2	-2	-2	-2	-1	-2	-2	-2	-2	-2	-2	-2	-2	-2	-2	-2	-2	-2	-2	-2	-2	-2	-2	-2	-2	-2	-2	-2	-2	-2	-2	-2	-2	-2	-2	-2	-2	-2	-2	-2	-2	-2	-2	-2	-2	-2	-22	-22	22	-22	-22	22	22	22	22	22	-22	-22	-22	-22	22	22	22	22	22	-22	-2	-2	-2	-2	-2	-2	-2	-2	-2	-2	-2	-2	-2	-2	-2	-1	-1	-1	-1	-1	-2	-2	-2	-2	-2	-2	-2	-2	-2	-2	-2	-2	-2	-2	-2	-2	-2	-2	-2	-2	-2	-2	-2	-2	-2	-2	-2	-2	-2	-2	-2	-2	-2	-2	-2	-2	-2	-2	-2	-2	-2	-2	-2	-2	-2	-2	-2	-2	-2	-2	-2	-20	-20	-20	-20	-20	-20	20	20	20	20	-20	-20	-20	20	20	20	20	-20	-20	-20	-2	-2	-2	-2	-2	-2	-2
-2	-2	-2	-2	-2	-2	-2	-2	-2	-2	-2	-2	-2	-2	-2	-2	-2	-2	-2	-2	-2	-2	-2	-2	-2	-2	-2	-2	-2	-2	-2	-2	-2	-2	-2	-2	-2	-2	-2	-2	-2	-2	-2	-2	-2	-2	-2	-2	-2	-2	-2	-2	-2	-2	-2	-2	-2	-2	-2	-2	-2	-2	-2	-2	-2	-2	-2	-2	-2	-2	-2	-2	-2	-2	-2	-2	-2	-2	-2	-2	-2	-2	-22	-22	-22	-22	22	22	22	22	22	22	22	22	-22	22	22	22	22	22	22	-22	-2	-2	-2	-2	-2	-2	-2	-2	-2	-2	-2	-2	-2	-2	-1	-2	22	22	22	22	22	-22	-22	-22	-22	-22	22	22	22	22	22	-22	-22	-22	-22	-22	-2	-2	-2	-2	-2	-2	-2	-2	-2	-2	-2	-2	-2	-2	-2	-2	-2	-2	-2	-2	-2	-2	-2	-2	-2	-2	-2	-2	-2	-2	-2	-2	-2	-2	-2	20	20	-20	-20	-20	20	20	20	20	20	20	-20	-20	20	20	20	20	-20	-20	-20	-2	-2	-2	-2	-2	-2	-2
-2	-2	-2	-2	-2	-2	-2	-2	-2	-2	-2	-2	-2	-2	-2	-2	-2	-2	-2	-2	-2	-2	-2	-2	-2	-2	-2	-2	-2	-2	-2	-2	-2	-2	-2	-2	-2	-2	-2	-2	-2	-2	-2	-2	-2	-2	-2	-2	-2	-2	-2	-2	-2	-2	-2	-2	-2	-2	-2	-2	-2	-2	-2	-2	-2	-2	-2	-2	-2	-2	-2	-2	-2	-2	-2	-2	-2	-2	-2	-2	-2	-2	22	22	22	-22	-22	22	22	22	22	22	22	-22	-22	-22	22	22	22	22	22	22	-2	-2	-2	-2	-2	-2	-2	-2	-2	-2	-2	-2	-2	-2	-2	-1	22	22	22	22	22	22	-22	-22	22	22	22	22	22	22	22	-22	-22	22	22	22	-2	-2	-2	-2	-2	-2	-2	-2	-2	-2	-2	-2	-2	-2	-2	-2	-2	-1	-2	-2	-2	-2	-2	-2	-2	-2	-2	-2	-2	-2	-2	-2	-2	-2	-2	20	20	20	-20	20	20	20	20	20	20	20	-20	-20	-20	20	20	-20	-20	20	20	-2	-2	-2	-2	-2	-2	-2
-2	-2	-2	-2	-2	-2	-2	-2	-2	-2	-2	-2	-2	-2	-2	-2	-2	-2	-2	-2	-2	-2	-2	-2	-2	-2	-2	-2	-2	-2	-2	-2	-2	-2	-2	-2	-2	-2	-2	-2	-2	-2	-2	-2	-2	-2	-2	-2	-2	-2	-2	-2	-2	-2	-2	-2	-2	-2	-2	-2	-2	-2	-2	-2	-2	-2	-2	-2	-2	-2	-2	-2	-2	-2	-2	-2	-2	-2	-2	-2	-2	-2	-22	22	22	22	-22	-22	22	22	-22	22	-22	-22	-22	-22	-22	22	22	-22	22	-22	-2	-2	-2	-2	-2	-2	-2	-2	-2	-2	-2	-2	-2	-2	-1	-2	-22	22	22	22	22	-22	-22	22	22	22	22	22	22	22	-22	-22	22	22	22	-22	-2	-2	-2	-2	-2	-2	-2	-2	-2	-2	-2	-2	-2	-2	-2	-2	-2	-2	-2	-2	-2	-2	-2	-2	-2	-2	-2	-2	-2	-2	-2	-2	-2	-2	-2	-20	20	-20	-20	20	20	20	20	20	20	-20	-20	-20	-20	-20	-20	-20	20	20	20	-2	-2	-2	-2	-2	-2	-2
-2	-2	-2	-2	-2	-2	-2	-2	-2	-2	-2	-2	-2	-2	-2	-2	-2	-2	-2	-2	-2	-2	-2	-2	-2	-2	-2	-2	-2	-2	-2	-2	-2	-2	-2	-2	-2	-2	-2	-2	-2	-2	-2	-2	-2	-2	-2	-2	-2	-2	-2	-2	-2	-2	-2	-2	-2	-2	-2	-2	-2	-2	-2	-2	-2	-2	-2	-2	-2	-2	-2	-2	-2	-2	-2	-2	-2	-2	-2	-2	-2	-2	-22	-22	22	-22	-22	-22	22	22	-22	-22	-22	-22	-22	-22	-22	22	22	-22	-22	-22	-2	-2	-2	-2	-2	-2	-2	-2	-2	-2	-2	-2	-2	-2	-1	-2	22	22	22	22	-22	-22	-22	-22	22	-22	-22	22	22	-22	-22	-22	-22	22	-22	-22	-2	-2	-2	-2	-2	-2	-2	-2	-2	-2	-2	-2	-2	-2	-2	-2	-2	-2	-2	-2	-2	-2	-2	-2	-2	-2	-2	-2	-2	-2	-2	-2	-2	-2	-2	-20	-20	-20	-20	-20	-20	20	20	-20	-20	-20	-20	-20	-20	-20	-20	-20	-20	20	-20	-2	-2	-2	-2	-2	-2	-2
-2	-2	-2	-2	-2	-2	-2	-2	-2	-2	-2	-2	-2	-2	-2	-2	-2	-2	-2	-20	-20	-20	-20	20	20	-20	-20	-20	-20	-20	-20	-20	20	20	-20	-20	-20	-20	-20	-2	-2	-2	-2	-2	-2	-2	-2	-2	-2	-2	-2	-2	-2	-2	-2	-2	-2	-2	-2	-2	-2	-2	-2	-2	-2	-2	-2	22	22	22	22	22	-22	-22	-22	-22	-22	22	22	22	22	22	-22	-22	-22	-22	-22	-2	13	13	13	13	13	13	13	13	13	13	13	13	13	13	13	13	13	13	13	13	13	13	13	13	13	-2	-2	-1	-2	-2	-22	22	22	22	-22	-22	-22	-22	-22	-22	-22	22	22	-22	-22	-22	-22	-22	-22	-22	-2	-2	-2	-2	-2	-2	-2	-2	-2	-2	-2	-2	-2	-2	-2	-2	-2	-2	-2	-2	-2	-2	-2	-2	-2	-2	-2	-2	-2	-2	-2	-2	-2	-2	-2	-2	-2	-2	-2	-2	-2	-2	-2	-2	-2	-2	-2	-2	-2	-2	-2	-2	-2	-2	-2	-2	-2	-2	-2	-2	-2	-2
-2	-2	-2	-2	-2	-2	-2	-2	-2	-2	-2	-2	-2	-2	-2	-2	-2	-2	-2	-20	20	20	20	20	20	20	-20	-20	-20	20	20	20	20	20	20	-20	20	20	-20	-2	-2	-2	-2	-2	-2	-2	-2	-2	-2	-2	-2	-2	-2	-2	-2	-2	-2	-2	-2	-2	-2	-2	-2	-2	-2	-2	-2	22	22	22	22	22	22	-22	-22	22	22	22	22	22	22	22	-22	-22	22	22	22	-2	13	-13	-13	-13	-13	-13	-13	-13	13	13	13	13	13	13	13	13	-13	-13	-13	-13	-13	-13	-13	-13	13	-2	-2	-2	-1	-2	-22	-22	22	-22	-22	22	22	22	22	22	-22	-22	-22	-22	22	22	22	22	22	-22	-2	-2	-2	-2	-2	-2	-2	-2	-2	-2	-2	-2	-2	-2	-2	-2	-2	-2	-2	-2	-2	-2	-2	-2	-2	-2	-2	-2	-2	-2	-2	-2	-2	-2	-2	-2	-2	-2	-2	-2	-2	-2	-2	-2	-2	-2	-2	-2	-2	-2	-2	-2	-2	-2	-2	-2	-2	-2	-2	-2	-2	-2
-2	-2	-2	-2	-2	-2	-2	-2	-2	-2	-2	-2	-2	-2	-2	-2	-2	-2	-2	20	20	20	20	20	20	20	-20	-20	-20	20	20	20	20	20	-20	-20	20	20	20	-2	-2	-2	-2	-2	-2	-2	-2	-2	-2	-2	-2	-2	-2	-2	-2	-2	-2	-2	-2	-2	-2	-2	-2	-2	-2	-2	-2	-22	22	22	22	22	-22	-22	22	22	22	22	22	22	22	-22	-22	22	22	22	-22	-2	13	-13	-13	-13	-13	13	13	13	13	13	13	13	13	13	13	13	13	-13	-13	-13	-13	-13	-13	-13	13	-2	-2	-2	-1	-2	-22	-22	-22	-22	22	22	22	22	22	22	22	22	-22	22	22	22	22	22	22	-22	-2	-2	-2	-2	-2	-2	-2	-2	-2	-2	-2	-2	-2	-2	-2	-2	-2	-2	-2	-2	-2	-2	-2	-2	-2	-2	-2	-2	-2	-2	-2	-2	-2	-2	-2	-2	-2	-2	-2	-2	-2	-2	-2	-2	-2	-2	-2	-2	-2	-2	-2	-2	-2	-2	-2	-2	-2	-2	-2	-2	-2	-2
-2	-2	-2	-2	-2	-2	-2	-2	-2	-2	-2	-2	-2	-2	-2	-2	-2	-2	-2	20	20	20	20	20	20	-20	-20	-20	-20	-20	20	-20	20	20	-20	-20	-20	20	-20	-2	-2	-2	-2	-2	-2	-2	-2	-2	-2	-2	-2	-2	-2	-2	-2	-2	-2	-2	-2	-2	-2	-2	-2	-2	-2	-2	-2	22	22	22	22	-22	-22	-22	-22	22	-22	-22	22	22	-22	-22	-22	-22	22	-22	-22	-2	13	-13	-13	-13	13	13	13	13	13	13	13	13	13	13	13	13	13	13	-13	-13	-13	-13	-13	-13	13	-2	-2	-2	-1	-2	22	22	22	-22	-22	22	22	22	22	22	22	-22	-22	-22	22	22	22	22	22	22	-2	-2	-2	-2	-2	-2	-2	-2	-2	-2	-2	-2	-2	-2	-2	-2	-2	-2	-2	-2	-2	-2	-2	-2	-2	-2	-2	-2	-2	-2	-2	-2	-2	-2	-2	-2	-2	-2	-2	-2	-2	-2	-2	-2	-2	-2	-2	-2	-2	-2	-2	-2	-2	-2	-2	-2	-2	-2	-2	-2	-2	-2
-2	-2	-2	-2	-2	-2	-2	-2	-2	-2	-2	-2	-2	-2	-2	-2	-2	-2	-2	-20	20	20	-20	-20	-20	-20	20	20	-20	-20	-20	-20	-20	20	20	-20	-20	-20	-20	-2	-2	-2	-2	-2	-2	-2	-2	-2	-2	-2	-2	-2	-2	-2	-2	-2	-2	-2	-2	-2	-2	-2	-2	-2	-2	-2	-2	-22	22	22	22	-22	-22	-22	-22	-22	-22	-22	22	22	-22	-22	-22	-22	-22	-22	-22	-2	13	-13	-13	-13	-13	13	13	13	13	13	13	13	13	13	13	13	13	-13	-13	-13	-13	-13	-13	-13	13	-2	-2	-1	-2	-2	-22	22	22	22	-22	-22	22	22	-22	22	-22	-22	-22	-22	-22	22	22	-22	22	-22	-2	-2	-2	-2	-2	-2	-2	-2	-2	-2	-2	-2	-2	-2	-2	-2	-2	-2	-2	-2	-2	-2	-2	-2	-2	-2	-2	-2	-2	-2	-2	-2	-2	-2	-2	-2	-2	-2	-2	-2	-2	-2	-2	-2	-2	-2	-2	-2	-2	-2	-2	-2	-2	-2	-2	-2	-2	-2	-2	-2	-2	-2
-2	-2	-2	-2	-2	-2	-2	-2	-2	-2	-2	-2	-2	-2	-2	-2	-2	-2	-2	-20	-20	-20	-20	-20	-20	20	20	20	20	-20	-20	-20	20	20	20	20	-20	-20	-20	-2	-2	-2	-2	-2	-2	-2	-2	-2	-2	-2	-2	-2	-2	-2	-2	-2	-2	-2	-2	-2	-2	-2	-2	-2	-2	-2	-2	-22	-22	22	-22	-22	22	22	22	22	22	-22	-22	-22	-22	22	22	22	22	22	-22	-2	13	-13	-13	-13	-13	13	13	13	13	13	13	13	13	13	13	13	13	-13	-13	-13	-13	-13	-13	-13	-13	-1	-1	-2	-2	-2	-22	-22	22	-22	-22	-22	22	22	-22	-22	-22	-22	-22	-22	-22	22	22	-22	-22	-22	-2	-2	-2	-2	-2	-2	-2	-2	-2	-2	-2	-2	-2	-2	-2	-2	-2	-2	-2	-2	-2	-2	-2	-2	-2	-2	-2	-2	-2	-2	-2	-2	-2	-2	-2	-2	-2	-2	-2	-2	-2	-2	-2	-2	-2	-2	-2	-2	-2	-2	-2	-2	-2	-2	-2	-2	-2	-2	-2	-2	-2	-2
-2	-2	-2	-2	-2	-2	-2	-2	-2	-2	-2	-2	-2	-2	-2	-2	-2	-2	-2	20	20	-20	-20	-20	20	20	20	20	20	20	-20	-20	20	20	20	20	-20	-20	-20	-2	-2	-2	-2	-2	-2	-2	-2	-2	-2	-2	-2	-2	-2	-2	-2	-2	-2	-2	-2	-2	-2	-2	-2	-2	-2	-2	-2	-22	-22	-22	-22	22	22	22	22	22	22	22	22	-22	22	22	22	22	22	22	-22	-2	13	-13	-13	-13	-13	-13	-13	-13	-13	-13	-13	-13	-13	-13	-13	-13	-13	-13	-13	-13	-13	-13	-13	-13	13	-2	-2	22	22	22	22	22	-22	-22	-22	-22	-22	22	22	22	22	22	-22	-22	-22	-22	-22	-2	-2	-2	-2	-2	-2	-2	-2	-2	-2	-2	-2	-2	-2	-2	-2	-2	-2	-2	-2	-2	-2	-2	-2	-2	-2	-2	-2	-2	-2	-2	-2	-2	-2	-2	-2	-2	-2	-2	-2	-2	-2	-2	-2	-2	-2	-2	-2	-2	-2	-2	-2	-2	-2	-2	-2	-2	-2	-2	-2	-2	-2	-2	-2	-2
-2	-2	-2	-2	-2	-2	-2	-2	-2	-2	-2	-2	-2	-2	-2	-2	-2	-2	-2	20	20	20	-20	20	20	20	20	20	20	20	-20	-20	-20	20	20	-20	-20	20	20	-2	-2	-2	-2	-2	-2	-2	-2	-2	-2	-2	-2	-2	-2	-2	-2	-2	-2	-2	-2	-2	-2	-2	-2	-2	-2	-2	-2	22	22	22	-22	-22	22	22	22	22	22	22	-22	-22	-22	22	22	22	22	22	22	-2	13	13	13	13	13	13	13	13	13	13	13	13	13	13	13	13	13	13	13	13	13	13	13	13	13	-2	-2	22	22	22	22	22	22	-22	-22	22	22	22	22	22	22	22	-22	-22	22	22	22	-2	-2	-2	-2	-2	-2	-2	-2	-2	-2	-2	-2	-2	-2	-2	-2	-2	-2	-2	-2	-2	-2	-2	-2	-2	-2	-2	-20	-20	-20	-20	20	20	-20	-20	-20	-20	-20	-20	-20	20	20	-20	-20	-20	-20	-20	-2	-2	-2	-2	-2	-2	-2	-2	-2	-2	-2	-2	-2	-2	-2	-2	-2	-2
-2	-2	-2	-2	-2	-2	-2	-2	-2	-2	-2	-2	-2	-2	-2	-2	-2	-2	-2	-20	20	-20	-20	20	20	20	20	20	20	-20	-20	-20	-20	-20	-20	-20	20	20	20	-2	-1	-2	-2	-2	-2	-2	-2	-2	-2	-2	-2	-2	-2	-2	-2	-2	-2	-2	-2	-2	-2	-2	-2	-2	-2	-2	-2	-22	22	22	22	-22	-22	22	22	-22	22	-22	-22	-22	-22	-22	22	22	-22	22	-22	-2	-2	-2	-2	-2	-2	-2	-2	22	22	22	22	22	-22	-22	-22	-22	-22	22	22	22	22	22	-22	-22	-22	-22	-22	-22	22	22	22	22	-22	-22	22	22	22	22	22	22	22	-22	-22	22	22	22	-22	-2	-21	-21	21	21	21	21	-21	-21	-21	21	21	21	-21	21	21	-21	-21	-21	-21	-21	-2	-1	-2	-2	-2	-2	-20	20	20	20	20	20	20	-20	-20	-20	20	20	20	20	20	20	-20	20	20	-20	-2	-2	-2	-2	-2	-2	-2	-2	-2	-2	-2	-2	-2	-2	-2	-2	-2	-2
-2	-2	-2	-2	-2	-2	-2	-2	-2	-2	-2	-2	-2	-2	-2	-2	-2	-2	-2	-20	-20	-20	-20	-20	-20	20	20	-20	-20	-20	-20	-20	-20	-20	-20	-20	-20	20	-20	-2	-2	-2	-2	-2	-2	-2	-2	-2	-2	-2	-2	-2	-2	-2	-2	-2	-2	-2	-2	-2	-2	-2	-2	-2	-2	-2	-2	-22	-22	22	-22	-22	-22	22	22	-22	-22	-22	-22	-22	-22	-22	22	22	-22	-22	-22	-2	-2	-2	-2	-2	-2	-2	-2	22	22	22	22	22	22	-22	-22	22	22	22	22	22	22	22	-22	-22	22	22	22	22	22	22	22	-22	-22	-22	-22	22	-22	-22	22	22	-22	-22	-22	-22	22	-22	-22	-2	21	21	21	21	21	21	21	-21	-21	-21	21	21	21	21	21	21	-21	21	21	-21	-2	-2	-2	-2	-2	-2	20	20	20	20	20	20	20	-20	-20	-20	20	20	20	20	20	-20	-20	20	20	20	-2	-2	-2	-2	-2	-2	-2	-2	-2	-2	-2	-2	-2	-2	-2	-2	-2	-2
-2	-2	-2	-2	-2	-2	-2	-2	-2	-2	-2	-2	-2	-2	-2	-2	-2	-2	-2	-2	-2	-2	-2	-2	-2	-2	-2	-2	-2	-2	-2	-2	-2	-2	-2	-2	-2	-2	-2	-2	-2	-2	-2	-2	-2	-2	-2	-2	-2	-2	-2	-2	-2	-2	-2	-2	-2	-2	-2	-2	-2	-2	-2	-2	-2	-2	-2	-2	-2	-2	-2	-2	-2	-2	-2	22	22	22	22	22	-22	-22	-22	-22	-22	22	22	22	22	22	-22	-22	-22	-22	-22	-22	22	22	22	22	-22	-22	22	22	22	22	22	22	22	-22	-22	22	22	22	-22	-22	22	22	22	-22	-22	-22	-22	-22	-22	-22	22	22	-22	-22	-22	-22	-22	-22	-22	-2	21	21	21	21	21	21	21	21	-21	-21	-21	-21	21	21	21	21	-21	21	21	21	-2	-2	-2	-2	-2	-2	20	20	20	20	20	20	-20	-20	-20	-20	-20	20	-20	20	20	-20	-20	-20	20	-20	-2	-2	-2	-2	-2	-2	-2	-2	-2	-2	-2	-2	-2	-2	-2	-2	-2	-2
-2	-2	-2	-2	-2	-2	-2	-2	-2	-2	-2	-2	-2	-2	-2	-2	-2	-2	-2	-2	-2	-2	-2	-2	-2	-2	-2	-2	-2	-2	-2	-2	-2	-2	-2	-2	-2	-2	-2	-2	-2	-2	-2	-2	-2	-2	-2	-2	-2	-2	-2	-2	-2	-21	-21	21	21	21	21	-21	-21	-21	21	21	21	-21	21	21	-21	-21	-21	-21	-21	-2	-2	22	22	22	22	22	22	-22	-22	22	22	22	22	22	22	22	-22	-22	22	22	22	22	22	22	22	-22	-22	-22	-22	22	-22	-22	22	22	-22	-22	-22	-22	22	-22	-22	-22	-22	22	-22	-22	22	22	22	22	22	-22	-22	-22	-22	22	22	22	22	22	-22	-2	21	21	21	21	21	21	-21	-21	-21	-21	-21	-21	-21	21	21	21	-21	-21	21	-21	-2	-2	-2	-2	-2	-2	-20	20	20	-20	-20	-20	-20	20	20	-20	-20	-20	-20	-20	20	20	-20	-20	-20	-20	-2	-2	-2	-2	-2	-2	-2	-2	-2	-2	-2	-2	-2	-2	-2	-2	-2	-2
-2	-2	-2	-2	-2	-2	-2	-2	-2	-2	-2	-2	-2	-2	-2	-2	-2	-2	-2	-2	-2	-2	-2	-2	-2	-2	-2	-2	-2	-2	-2	-2	-2	-2	-2	-2	-2	-2	-2	-2	-2	-2	-2	-2	-2	-2	-2	-2	-2	-2	-2	-2	-2	21	21	21	21	21	21	21	-21	-21	-21	21	21	21	21	21	21	-21	21	21	-21	-2	-2	-22	22	22	22	22	-22	-22	22	22	22	22	22	22	22	-22	-22	22	22	22	-22	-22	22	22	22	-22	-22	-22	-22	-22	-22	-22	22	22	-22	-22	-22	-22	-22	-22	-22	-22	-22	-22	-22	22	22	22	22	22	22	22	22	-22	22	22	22	22	22	22	-22	-2	-21	21	21	-21	-21	-21	-21	21	21	21	21	-21	-21	21	21	21	21	-21	-21	-21	-2	-2	-2	-2	-2	-2	-20	-20	-20	-20	-20	-20	20	20	20	20	-20	-20	-20	20	20	20	20	-20	-20	-20	-2	-2	-2	-2	-2	-2	-2	-2	-2	-2	-2	-2	-2	-2	-2	-2	-2	-2
-2	-2	-2	-2	-2	-2	-2	-2	-2	-2	-2	-2	-2	-2	-2	-2	-2	-2	-2	-2	-2	-2	-2	-2	-2	-2	-2	-2	-2	-2	-2	-2	-2	-2	-2	-2	-2	-2	-2	-2	-1	-2	-2	-2	-2	-2	-2	-2	-2	-2	-2	-2	-2	21	21	21	21	21	21	21	21	-21	-21	-21	-21	21	21	21	21	-21	21	21	21	-2	-2	22	22	22	22	-22	-22	-22	-22	22	-22	-22	22	22	-22	-22	-22	-22	22	-22	-22	-22	-22	22	-22	-22	22	22	22	22	22	-22	-22	-22	-22	22	22	22	22	22	-22	22	22	22	-22	-22	22	22	22	22	22	22	-22	-22	-22	22	22	22	22	22	22	-2	-21	-21	-21	-21	-21	-21	21	21	21	21	21	-21	-21	21	21	21	21	-21	-21	-21	-2	-2	-2	-2	-2	-2	20	20	-20	-20	-20	20	20	20	20	20	20	-20	-20	20	20	20	20	-20	-20	-20	-2	-2	-2	-2	-2	-2	-2	-2	-2	-2	-2	-2	-2	-2	-2	-2	-2	-2
-2	-2	-2	-2	-2	-2	-2	-2	-2	-2	-2	-2	-2	-2	-2	-2	-2	-2	-2	-2	-2	-2	-2	-2	-2	-2	-2	-2	-2	-2	-2	-2	-2	-2	-2	-2	-2	-2	-2	-2	-2	-2	-2	-2	-2	-2	-2	-2	-2	-2	-2	-2	-2	21	21	21	21	21	21	-21	-21	-21	-21	-21	-21	-21	21	21	21	-21	-21	21	-21	-2	-2	-22	22	22	22	-22	-22	-22	-22	-22	-22	-22	22	22	-22	-22	-22	-22	-22	-22	-22	-22	-22	-22	-22	22	22	22	22	22	22	22	22	-22	22	22	22	22	22	22	-22	-22	22	22	22	-22	-22	22	22	-22	22	-22	-22	-22	-22	-22	22	22	-22	22	-22	-2	21	21	21	-21	-21	21	21	21	21	21	21	-21	-21	-21	21	21	-21	-21	-21	-21	-2	-2	-2	-2	-2	-2	20	20	20	-20	20	20	20	20	20	20	20	-20	-20	-20	20	20	-20	-20	20	20	-2	-2	-2	-2	-2	-2	-2	-2	-2	-2	-2	-2	-2	-2	-2	-2	-2	-2
-2	-2	-2	-2	-2	-2	-2	-2	-2	-2	-2	-2	-2	-2	-2	-2	-2	-2	-2	-2	-2	-2	-2	-2	-2	-2	-2	-2	-2	-2	-2	-2	-2	-2	-2	-2	-2	-2	-2	-2	-1	-2	-2	-2	-2	-2	-2	-2	-2	-2	-2	-2	-2	-21	21	21	-21	-21	-21	-21	21	21	21	21	-21	-21	21	21	21	21	-21	-21	-21	-2	-2	-22	-22	22	-22	-22	22	22	22	22	22	-22	-22	-22	-22	22	22	22	22	22	-22	22	22	22	-22	-22	22	22	22	22	22	22	-22	-22	-22	22	22	22	22	22	22	-22	-22	22	-22	-22	-22	22	22	-22	-22	-22	-22	-22	-22	-22	22	22	-22	-22	-22	-2	21	21	-21	-21	21	21	21	21	21	21	21	-21	-21	-21	-21	-21	-21	21	21	21	-2	-2	-2	-2	-2	-2	-20	20	-20	-20	20	20	20	20	20	20	-20	-20	-20	-20	-20	-20	-20	20	20	20	-2	-2	-2	-2	-2	-2	-2	-2	-2	-2	-2	-2	-2	-2	-2	-2	-2	-2
-2	-2	-2	-2	-2	-2	-2	-2	-2	-2	-2	-2	-2	-2	-2	-2	-2	-2	-2	-2	-2	-2	-2	-2	-2	-2	-2	-2	-2	-2	-2	-2	-2	-2	-2	-2	-2	-2	-2	-1	-2	-2	-2	-2	-2	-2	-2	-2	-2	-2	-2	-2	-2	-21	-21	-21	-21	-21	-21	21	21	21	21	21	-21	-21	21	21	21	21	-21	-21	-21	-2	-2	-22	-22	-22	-22	22	22	22	22	22	22	22	22	-22	22	22	22	22	22	22	-22	-22	22	22	22	-22	-22	22	22	-22	22	-22	-22	-22	-22	-22	22	22	-22	22	-22	-2	-2	-2	-2	-2	-2	-2	-2	-2	-2	-2	-2	-2	-2	-2	-2	-2	-2	-2	-2	-2	-21	21	-21	-21	21	21	21	21	21	21	-21	-21	-21	-21	-21	-21	21	21	21	-21	-2	-2	-2	-2	-2	-2	-20	-20	-20	-20	-20	-20	20	20	-20	-20	-20	-20	-20	-20	-20	-20	-20	-20	20	-20	-2	-2	-2	-2	-2	-2	-2	-2	-2	-2	-2	-2	-2	-2	-2	-2	-2	-2
-2	-2	-2	-2	-2	-2	-2	-2	-2	-2	-2	-2	-2	-2	-2	-2	-2	-2	-2	-2	-2	-2	-2	-2	-2	-2	-2	-2	-2	-2	-2	-2	-2	-2	-2	-2	-2	-2	-2	-1	-2	-2	-2	-2	-2	-2	-2	-2	-2	-2	-2	-2	-2	21	21	21	-21	-21	21	21	21	21	21	21	-21	-21	-21	21	21	-21	-21	-21	-21	-2	-2	22	22	22	-22	-22	22	22	22	22	22	22	-22	-22	-22	22	22	22	22	22	22	-22	-22	22	-22	-22	-22	22	22	-22	-22	-22	-22	-22	-22	-22	22	22	-22	-22	-22	-2	-2	-2	-2	-2	-2	-2	-2	-2	-2	-2	-2	-2	-2	-2	-2	-2	-2	-2	-2	-2	-21	-21	-21	-21	-21	21	21	-21	-21	-21	-21	-21	-21	-21	-21	-21	-21	21	-21	-21	-2	-2	-2	-2	-2	-2	-2	-2	-2	-2	-2	-2	-2	-2	-2	-2	-2	-2	-2	-2	-2	-2	-2	-2	-2	-2	-2	-2	-2	-2	-2	-2	-2	-2	-2	-2	-2	-2	-2	-2	-2	-2	-2	-2
-2	-2	-2	-2	-2	-2	-2	-2	-2	-2	-2	-2	-2	-2	-2	-2	-2	-2	-2	-2	-2	-2	-2	-2	-2	-2	-2	-2	-2	-2	-2	-2	-2	-2	-2	-2	-2	-1	-1	-2	-2	-2	-2	-2	-2	-2	-2	-2	-2	-2	-2	-2	-2	21	21	-21	-21	21	21	21	21	21	21	21	-21	-21	-21	-21	-21	-21	21	21	21	-2	-2	-22	22	22	22	-22	-22	22	22	-22	22	-22	-22	-22	-22	-22	22	22	-22	22	-22	-2	-2	-2	-2	-2	-2	-2	-2	-2	-2	-2	-2	-2	-2	-2	-2	-2	-2	-2	-2	-2	-21	-21	21	21	21	21	-21	-21	-21	21	21	21	-21	21	21	-21	-21	-21	-21	-21	-2	-2	-2	-2	-2	-2	-2	-2	-2	-2	-2	-2	-2	-2	-2	-2	-2	-2	-2	-2	-2	-2	-2	-2	-2	-2	-2	-2	-2	-2	-2	-2	-2	-2	-2	-2	-2	-2	-2	-2	-2	-2	-2	-2	-2	-2	-2	-2	-2	-2	-2	-2	-2	-2	-2	-2	-2	-2	-2	-2	-2	-2	-2	-2
-2	-2	-2	-2	-2	-2	-2	-2	-2	-2	-2	-2	-2	-2	-2	-2	-2	-2	-2	-2	-2	-2	-2	-2	-2	-2	-2	-2	-2	-2	-2	-2	-2	-2	-2	-2	-1	-2	-2	-2	-2	-2	-2	-2	-2	-2	-2	-2	-2	-2	-2	-2	-2	-21	21	-21	-21	21	21	21	21	21	21	-21	-21	-21	-21	-21	-21	21	21	21	-21	-2	-2	-22	-22	22	-22	-22	-22	22	22	-22	-22	-22	-22	-22	-22	-22	22	22	-22	-22	-22	-2	-2	-2	-2	-2	-2	-2	-2	-2	-2	-2	-2	-2	-2	-2	-2	-2	-2	-2	-2	-2	21	21	21	21	21	21	21	-21	-21	-21	21	21	21	21	21	21	-21	21	21	-21	-2	-2	-2	-2	-2	-2	-2	-2	-2	-2	-2	-2	-2	-2	-2	-2	-2	-2	-2	-2	-1	-2	-2	-2	-2	-2	-2	-2	-2	-2	-2	-2	-2	-2	-2	-2	-2	-2	-2	-2	-2	-2	-2	-2	-2	-2	-2	-2	-2	-2	-2	-2	-2	-2	-2	-2	-2	-2	-2	-2	-2	-2	-2	-2
-2	-2	-2	-2	-2	-2	-2	-2	-2	-2	-2	-2	-2	-2	-2	-2	-2	-2	-2	-2	-2	-2	-2	-2	-2	-2	-2	-2	-2	-2	-2	-2	-2	-2	-2	-2	-1	-2	-2	-2	-2	-2	-2	-2	-2	-2	-2	-2	-2	-2	-2	-2	-2	-21	-21	-21	-21	-21	21	21	-21	-21	-21	-21	-21	-21	-21	-21	-21	-21	21	-21	-21	-2	-2	-2	-2	-2	-2	-2	-2	-2	-2	-2	-2	-2	-2	-2	-2	-2	-2	-2	-2	-2	-2	-2	-2	-2	-2	-2	-2	-2	-2	-2	-2	-2	-2	-2	-2	-2	-2	-2	-2	-2	-2	-2	21	21	21	21	21	21	21	21	-21	-21	-21	-21	21	21	21	21	-21	21	21	21	-2	-2	-2	-2	-2	-2	-2	-2	-2	-2	-2	-2	-2	-2	-2	-2	-2	-2	-2	-2	-2	-2	-2	-2	-2	-2	-2	-2	-2	-2	-2	-2	-2	-2	-2	-2	-2	-2	-2	-2	-2	-2	-2	-2	-2	-2	-2	-2	-2	-2	-2	-2	-2	-2	-2	-2	-2	-2	-2	-2	-2	-2	-2	-2
-2	-2	-2	-2	-2	-2	-2	-2	-2	-2	-2	-2	-2	-2	-2	-2	-2	-2	-2	-2	-2	-12	12	12	12	12	12	12	12	-12	-12	-12	-2	-2	-2	-1	-2	-2	-2	-2	-2	-2	-2	-2	-2	-2	-2	-2	-2	-2	-2	-2	-2	-2	-2	-2	-2	-2	-2	-2	-2	-2	-2	-2	-2	-2	-2	-2	-2	-2	-2	-2	-2	-2	-2	-2	-2	-2	-2	-2	-2	-2	-2	-2	-2	-2	-2	-2	-2	-2	-2	-2	-2	-2	-2	-2	-2	-2	-2	-2	-2	-2	-2	-2	-2	-2	-2	-2	-2	-2	-2	-2	-2	-2	-2	-2	21	21	21	21	21	21	-21	-21	-21	-21	-21	-21	-21	21	21	21	-21	-21	21	-21	-2	-2	-2	-2	-2	-2	-2	-2	-2	-2	-2	-2	-2	-2	-2	-2	-2	-2	-2	-2	-2	-2	-2	-2	-2	-2	-2	-2	-2	-2	-2	-2	-2	-2	-2	-2	-2	-2	-2	-2	-2	-2	-2	-2	-2	-2	-2	-2	-2	-2	-2	-2	-2	-2	-2	-2	-2	-2	-2	-2	-2	-2	-2	-2
-2	-2	-2	-2	-2	-2	-2	-2	-2	-2	-2	-2	-2	-2	-2	-2	-2	-2	-2	-2	-2	12	12	12	12	12	12	12	12	12	-12	-12	-2	-2	-2	-1	-2	-2	-2	-2	-2	-2	-2	-2	-2	-2	-2	-2	-2	-2	-2	-2	-2	-2	-2	-2	-2	-2	-2	-2	-2	-2	-2	-2	-2	-2	-2	-2	-2	-2	-2	-2	-2	-2	-2	-2	-2	-2	-2	-2	-2	-2	-2	-2	-2	-2	-2	-2	-2	-2	-2	-2	-2	-2	-2	-2	-2	-2	-2	-2	-2	-2	-2	-2	-2	-2	-2	-2	-2	-2	-2	-2	-2	-2	-2	-2	-21	21	21	-21	-21	-21	-21	21	21	21	21	-21	-21	21	21	21	21	-21	-21	-21	-2	-2	-2	-2	-2	-2	-2	-2	-2	-2	-2	-2	-2	-2	-2	-2	-2	-2	-2	-2	-2	-2	-2	-2	-2	-2	-2	-2	-2	-2	-2	-2	-2	-2	-2	-2	-2	-2	-2	-2	-2	-2	-2	-2	-2	-2	-2	-2	-2	-2	-2	-2	-2	-2	-2	-2	-2	-2	-2	-2	-2	-2	-2	-2
-2	-2	-2	-2	-2	-2	-2	-2	-2	-2	-2	-2	-2	-2	-2	-2	-2	-2	-2	-2	-2	12	12	12	12	12	12	12	12	12	12	12	-2	-2	-1	-2	-2	-2	-2	-2	-2	-2	-2	-2	-2	-2	-2	-2	-2	-2	-2	-2	-2	-2	-2	-2	-2	-2	-2	-2	-2	-2	-2	-2	-2	-2	-2	-2	-2	-2	-2	-2	-2	-2	-2	-2	-2	-2	-21	-21	21	21	21	21	-21	-21	-21	21	21	21	-21	21	21	-21	-21	-21	-21	-21	-2	-2	-2	-2	-2	-2	-2	-2	-2	-2	-2	-2	-2	-2	-2	-2	-2	-2	-21	-21	-21	-21	-21	-21	21	21	21	21	21	-21	-21	21	21	21	21	-21	-21	-21	-2	-2	-2	-2	-2	-2	-2	-2	-2	-2	-2	-2	-2	-2	-2	-2	-2	-2	-2	-2	-2	-2	-2	-2	-2	-2	-2	-2	-2	-10	-10	10	10	10	10	10	10	10	10	10	10	10	10	10	10	10	10	10	10	-10	-10	-2	-2	-2	-2	-2	-2	-2	-2	-2	-2	-2	-2	-2
-2	-2	-2	-2	-2	-2	-2	-2	-2	-2	-2	-2	-2	-2	-2	-2	-2	-2	-2	-2	-2	12	-12	12	-12	12	-12	12	-12	12	12	12	-2	-1	-2	-2	-2	-2	-2	-2	-2	-2	-2	-2	-2	-2	-2	-2	-2	-2	-2	-2	-2	-2	-2	-2	-2	-2	-2	-2	-2	-2	-2	-2	-2	-2	-2	-2	-2	-2	-2	-2	-2	-2	-2	-2	-2	-2	21	21	21	21	21	21	21	-21	-21	-21	21	21	21	21	21	21	-21	21	21	-21	-2	-2	-2	-2	-2	-2	-2	-2	-2	-2	-2	-2	-2	-2	-2	-2	-2	-2	21	21	21	-21	-21	21	21	21	21	21	21	-21	-21	-21	21	21	-21	-21	-21	-21	-2	-2	-2	-2	-2	-2	-2	-2	-2	-2	-2	-2	-2	-2	-2	-2	-2	-2	-2	-2	-2	-2	-2	-2	-2	-2	-2	-2	-2	-10	10	10	10	10	10	10	10	10	10	10	10	10	10	10	10	10	10	10	10	10	-10	-2	-2	-2	-2	-2	-2	-2	-2	-2	-2	-2	-2	-2
-2	-2	-2	-2	-2	-2	-2	-2	-2	-2	-2	-2	-2	-2	-2	-2	-2	-2	-2	-2	-2	-1	-1	-1	-1	-1	-1	-1	-1	-1	-1	-1	-1	-2	-2	-2	-2	-2	-2	-2	-2	-2	-2	-2	-2	-2	-2	-2	-2	-2	-2	-2	-2	-2	-2	-2	-2	-2	-2	-2	-2	-2	-2	-2	-2	-2	-2	-2	-2	-2	-2	-2	-2	-2	-2	-2	-2	-2	21	21	21	21	21	21	21	21	-21	-21	-21	-21	21	21	21	21	-21	21	21	21	-2	-2	-2	-2	-2	-2	-2	-2	-2	-2	-2	-2	-2	-2	-2	-2	-2	-2	21	21	-21	-21	21	21	21	21	21	21	21	-21	-21	-21	-21	-21	-21	21	21	21	-2	-2	-2	-2	-2	-2	-2	-2	-2	-2	-2	-2	-2	-2	-2	-2	-2	-2	-2	-2	-2	-2	-2	-2	-2	-2	-2	-2	-2	10	10	10	10	10	10	10	10	10	10	10	10	10	10	10	10	10	10	10	10	10	10	-2	-2	-2	-2	-2	-2	-2	-2	-2	-2	-2	-2	-2
-2	-2	-2	-2	-2	-2	-2	-2	-2	-2	-2	-2	-2	-2	-2	-2	-2	-2	-2	-2	-2	-2	-2	-2	-2	-1	-1	-1	-1	-2	-2	-2	-2	-2	-2	-2	-2	-2	-2	-2	-2	-2	-2	-2	-2	-2	-2	-2	-2	-2	-2	-2	-2	-2	-2	-2	-2	-2	-2	-2	-2	-2	-2	-2	-2	-2	-2	-2	-2	-2	-2	-2	-2	-2	-2	-2	-2	-2	21	21	21	21	21	21	-21	-21	-21	-21	-21	-21	-21	21	21	21	-21	-21	21	-21	-2	-2	-2	-2	-2	-2	-2	-2	-2	-2	-2	-2	-2	-2	-2	-2	-2	-2	-21	21	-21	-21	21	21	21	21	21	21	-21	-21	-21	-21	-21	-21	21	21	21	-21	-2	-2	-2	-2	-2	-2	-2	-2	-2	-2	-2	-2	-2	-2	-2	-2	-2	-2	-2	-2	-2	-2	-2	-2	-2	-2	-2	-2	-2	-10	10	10	10	10	10	10	10	10	10	10	10	10	10	10	10	10	10	10	10	10	-10	-2	-2	-2	-2	-2	-2	-2	-2	-2	-2	-2	-2	-2
-2	-2	-2	-2	-2	-2	-2	-2	-2	-2	-2	-2	-2	-2	-2	-2	-2	-2	-2	-2	-2	-2	-2	-2	-2	-2	-1	-1	-2	-10	-10	10	10	10	10	10	10	10	10	10	10	10	10	10	10	10	10	10	10	-10	-10	-2	-2	-2	-2	-2	-2	-2	-2	-2	-2	-2	-2	-2	-2	-2	-2	-2	-2	-2	-2	-2	-2	-2	-2	-2	-2	-2	-21	21	21	-21	-21	-21	-21	21	21	21	21	-21	-21	21	21	21	21	-21	-21	-21	-2	-2	-2	-2	-2	-2	-2	-2	-2	-2	-2	-2	-2	-2	-2	-2	-2	-2	-21	-21	-21	-21	-21	21	21	-21	-21	-21	-21	-21	-21	-21	-21	-21	-21	21	-21	-21	-2	-2	-2	-2	-2	-2	-2	-2	-2	-2	-2	-2	-2	-2	-2	-2	-2	-2	-2	-2	-2	-2	-2	-2	-2	-2	-2	-2	-1	-10	10	10	10	10	10	10	10	10	10	10	10	10	10	10	10	10	10	10	10	10	-10	-2	-2	-2	-2	-2	-2	-2	-2	-2	-2	-2	-2	-2
-2	-2	-2	-2	-2	-2	-2	-2	-2	-2	-2	-2	-2	-2	-2	-2	-2	-2	-2	-2	-2	-2	-2	-2	-2	-2	-1	-1	-2	-10	10	10	10	10	10	10	10	10	10	10	10	10	10	10	10	10	10	10	10	10	-10	-2	-2	-2	-2	-2	-2	-2	-2	-2	-2	-2	-2	-2	-2	-2	-2	-2	-2	-2	-2	-2	-2	-2	-2	-2	-2	-2	-21	-21	-21	-21	-21	-21	21	21	21	21	21	-21	-21	21	21	21	21	-21	-21	-21	-2	-2	-2	-2	-2	-2	-2	-2	-2	-2	-2	-2	-2	-2	-2	-2	-2	-2	-2	-16	16	16	16	16	16	16	16	16	-16	-2	-2	-2	-2	-2	-2	-2	-2	-2	-2	-2	-2	-2	-2	-2	-21	-21	21	21	21	21	-21	-21	-21	21	21	21	-21	21	21	-21	-21	-21	-21	-21	-2	-2	-1	-1	-1	-1	-1	-1	-1	-1	-1	-1	-1	-1	-1	-1	-1	-1	-1	-1	-1	-1	-1	-1	-1	-2	-2	-2	-2	-2	-2	-2	-2	-2	-2	-2	-2	-2
-2	-2	-2	-2	-2	-2	-2	-11	-11	-11	-11	-11	-11	-11	-11	11	11	-11	-11	-11	-11	-11	-11	-11	-11	-2	-1	-1	-2	10	10	10	10	10	10	10	10	10	10	10	10	10	10	10	10	10	10	10	10	10	10	-2	-2	-2	-2	-2	-2	-2	-2	-2	-2	-2	-2	-2	-2	-2	-2	-2	-2	-2	-2	-2	-2	-2	-2	-2	-2	-2	21	21	21	-21	-21	21	21	21	21	21	21	-21	-21	-21	21	21	-21	-21	-21	-21	-2	-2	-2	-2	-2	-2	-2	-2	-2	-2	-2	-2	-2	-2	-2	-2	-2	-2	-2	16	16	16	16	16	16	16	16	16	16	-2	-2	-2	-2	-2	-2	-2	-2	-2	-2	-2	-2	-2	-2	-2	21	21	21	21	21	21	21	-21	-21	-21	21	21	21	21	21	21	-21	21	21	-21	-2	-2	-2	-2	-2	-2	-2	-2	-2	-2	-2	-2	-2	-2	-2	-2	-2	-2	-2	-2	-2	-2	-2	-2	-2	-2	-2	-2	-2	-2	-2	-2	-2	-2	-2	-2	-2	-2
-2	-2	-2	-2	-2	-2	-2	-11	-11	-11	-11	-11	-11	-11	-11	11	11	-11	-11	-11	-11	-11	-11	-11	-11	-2	-1	-1	-2	-10	10	10	10	10	10	10	10	10	10	10	10	10	10	10	10	10	10	10	10	10	-10	-2	-2	-2	-2	-2	-2	-2	-2	-2	-2	-2	-2	-2	-2	-2	-2	-2	-2	-2	-2	-2	-2	-2	-2	-2	-2	-2	21	21	-21	-21	21	21	21	21	21	21	21	-21	-21	-21	-21	-21	-21	21	21	21	-2	-2	-15	15	15	15	15	15	15	15	15	-15	-2	-2	-2	-2	-2	-2	-2	16	16	16	16	16	16	16	16	16	16	-2	-2	-2	-2	-2	-2	-2	-2	-2	-2	-2	-2	-2	-2	-2	21	21	21	21	21	21	21	21	-21	-21	-21	-21	21	21	21	21	-21	21	21	21	-2	-2	-2	-2	-2	-2	-2	-2	-2	-2	-2	-2	-2	-2	-2	-2	-2	-2	-2	-2	-2	-2	-2	-2	-2	-2	-2	-2	-2	-2	-2	-2	-2	-2	-2	-2	-2	-2
-2	-2	-2	-2	-2	-2	-2	-11	-11	-11	-11	-11	-11	-11	-11	11	11	11	11	11	11	11	11	11	11	-2	-1	-1	-1	-10	10	10	10	10	10	10	10	10	10	10	10	10	10	10	10	10	10	10	10	10	-10	-2	-2	-2	-2	-2	-2	-2	-2	-2	-2	-2	-2	-2	-2	-2	-2	-2	-2	-2	-2	-2	-2	-2	-2	-2	-2	-2	-21	21	-21	-21	21	21	21	21	21	21	-21	-21	-21	-21	-21	-21	21	21	21	-21	-2	-2	15	15	15	15	15	15	15	15	15	15	-2	-2	-2	-2	-2	-2	-2	-2	-2	-2	-2	-2	-2	-2	-2	-2	-2	-2	-2	-2	-2	-2	-2	-2	-2	-2	-2	-2	-2	-2	-2	-2	21	21	21	21	21	21	-21	-21	-21	-21	-21	-21	-21	21	21	21	-21	-21	21	-21	-2	-2	-2	-2	-2	-2	-2	-2	-2	-2	-2	-2	-2	-2	-2	-2	-2	-2	-2	-2	-2	-2	-2	-2	-2	-2	-2	-2	-2	-2	-2	-2	-2	-2	-2	-2	-2	-2
-2	-2	-2	-2	-2	-2	-2	-11	-11	11	11	11	11	11	11	11	11	11	11	11	11	11	11	11	11	-2	-1	-1	-1	-1	-1	-1	-1	-1	-1	-1	-1	-1	-1	-1	-1	-1	-1	-1	-1	-1	-1	-1	-1	-1	-1	-2	-2	-2	-2	-2	-2	-21	-21	21	21	21	21	-21	-21	-21	21	21	21	-21	21	21	-21	-21	-21	-21	-21	-2	-21	-21	-21	-21	-21	21	21	-21	-21	-21	-21	-21	-21	-21	-21	-21	-21	21	-21	-21	-2	-2	15	15	15	15	15	15	15	15	15	15	-2	-2	-2	-2	-2	-2	-2	-2	-2	-2	-2	-21	-21	21	21	21	21	-21	-21	-21	21	21	21	-21	21	21	-21	-21	-21	-21	-21	-2	-21	21	21	-21	-21	-21	-21	21	21	21	21	-21	-21	21	21	21	21	-21	-21	-21	-2	-2	-2	-2	-2	-2	-2	-2	-2	-2	-2	-2	-2	-2	-2	-2	-2	-2	-2	-2	-2	-2	-2	-2	-2	-2	-2	-2	-2	-2	-2	-2	-2	-2	-2	-2	-2	-2
-2	-2	-2	-2	-2	-2	-2	-11	11	11	11	11	11	11	11	11	11	11	11	11	11	11	11	11	11	-2	-1	-1	-1	-2	-2	-2	-2	-2	-2	-2	-2	-2	-2	-2	-2	-2	-2	-2	-2	-2	-2	-2	-2	-2	-2	-2	-2	-2	-2	-2	-2	21	21	21	21	21	21	21	-21	-21	-21	21	21	21	21	21	21	-21	21	21	-21	-2	-2	-2	-2	-2	-2	-2	-2	-2	-2	-2	-2	-2	-2	-2	-2	-2	-2	-2	-2	-2	-2	-2	-2	-2	-2	-2	-2	-2	-2	-2	-2	-2	-2	-2	-2	-2	-2	-2	-2	-2	-2	-2	-2	21	21	21	21	21	21	21	-21	-21	-21	21	21	21	21	21	21	-21	21	21	-21	-2	-21	-21	-21	-21	-21	-21	21	21	21	21	21	-21	-21	21	21	21	21	-21	-21	-21	-2	-2	-2	-2	-2	-2	-2	-2	-2	-2	-2	-2	-2	-2	-2	-2	-2	-2	-2	-2	-2	-2	-2	-2	-2	-2	-2	-2	-2	-2	-2	-2	-2	-2	-2	-2	-2	-2
-2	-2	-2	-2	-2	-2	-2	11	11	11	11	11	11	11	11	11	11	11	11	11	11	11	11	11	11	-2	-1	-1	-1	-2	-2	-2	-2	-2	-2	-2	-2	-2	-2	-2	-2	-2	-2	-2	-2	-2	-2	-2	-2	-2	-2	-2	-2	-2	-2	-2	-2	21	21	21	21	21	21	21	21	-21	-21	-21	-21	21	21	21	21	-21	21	21	21	-2	-2	-2	-2	-2	-2	-2	-2	-2	-2	-2	-2	-2	-2	-2	-2	-2	-2	-2	-2	-2	-2	-2	-2	-2	-2	-2	-2	-2	-2	-2	-2	-2	-2	-2	-2	-2	-2	-2	-2	-2	-2	-2	-2	21	21	21	21	21	21	21	21	-21	-21	-21	-21	21	21	21	21	-21	21	21	21	-2	21	21	21	-21	-21	21	21	21	21	21	21	-21	-21	-21	21	21	-21	-21	-21	-21	-2	-2	-2	-2	-2	-2	-2	-2	-2	-2	-2	-2	-2	-2	-2	-2	-2	-2	-2	-2	-2	-2	-2	-2	-2	-2	-2	-2	-2	-2	-2	-2	-2	-2	-2	-2	-2	-2
-2	-2	-2	-2	-2	-2	-2	-11	11	11	11	11	11	11	11	11	11	11	11	11	11	11	11	11	11	-2	-1	-1	-2	-2	-2	-2	-2	-2	-2	-2	-2	-2	-2	-2	-2	-2	-2	-2	-2	-2	-2	-2	-2	-2	-2	-2	-2	-2	-2	-2	-2	21	21	21	21	21	21	-21	-21	-21	-21	-21	-21	-21	21	21	21	-21	-21	21	-21	-2	-2	-2	-2	-2	-2	-2	-2	-2	-2	-2	-2	-2	-2	-2	-2	-2	-2	-2	-2	-2	-2	-2	-2	-2	-2	-2	-2	-2	-2	-2	-2	-2	-2	-2	-2	17	17	17	17	17	-2	-2	-2	21	21	21	21	21	21	-21	-21	-21	-21	-21	-21	-21	21	21	21	-21	-21	21	-21	-2	21	21	-21	-21	21	21	21	21	21	21	21	-21	-21	-21	-21	-21	-21	21	21	21	-2	-2	-2	-2	-2	-2	-2	-2	-2	-2	-2	-2	-2	-2	-2	-2	-2	-2	-2	-2	-2	-2	-2	-2	-2	-2	-2	-2	-2	-2	-2	-2	-2	-2	-2	-2	-2	-2
-2	-2	-2	-2	-2	-2	-2	-11	-11	-11	-11	-11	-11	-11	-11	-11	-11	-11	-11	-11	-11	-11	-11	-11	-11	-2	-1	-1	-2	-2	-2	-2	-2	-2	-2	-2	-2	-2	-2	-2	-2	-2	-2	-2	-2	-2	-2	-2	-2	-2	-2	-2	-2	-2	-2	-2	-2	-21	21	21	-21	-21	-21	-21	21	21	21	21	-21	-21	21	21	21	21	-21	-21	-21	-2	-2	-2	-2	-2	-2	-2	-2	-2	-2	-2	-2	-2	-2	-2	-2	-2	-2	-2	-2	-2	-2	-2	-2	-2	-2	-2	-2	-2	-2	-2	-2	-2	-2	-2	-2	-2	-2	-2	-2	-2	-2	-2	-2	-21	21	21	-21	-21	-21	-21	21	21	21	21	-21	-21	21	21	21	21	-21	-21	-21	-2	-21	21	-21	-21	21	21	21	21	21	21	-21	-21	-21	-21	-21	-21	21	21	21	-21	-2	-2	-2	-2	-2	-2	-2	-2	-2	-2	-2	-2	-2	-2	-2	-2	-2	-2	-2	-2	-2	-2	-2	-2	-2	-2	-2	-2	-2	-2	-2	-2	-2	-2	-2	-2	-2	-2
-2	-2	-2	-2	-2	-2	-2	-11	-11	11	11	11	-11	11	11	11	-11	-11	-11	11	11	11	11	-11	-11	-2	-1	-1	-2	-2	-2	-2	-2	-2	-2	-2	-2	-2	-2	-2	-2	-2	-2	-2	-2	-2	-2	-2	-2	-2	-2	-2	-2	-2	-2	-2	-2	-21	-21	-21	-21	-21	-21	21	21	21	21	21	-21	-21	21	21	21	21	-21	-21	-21	-2	-2	-2	-2	-2	-2	-2	-2	-2	-2	-2	-2	-2	-2	-2	-2	-2	-2	-2	-2	-2	-2	-2	-2	-2	-2	-2	-15	15	15	15	15	15	15	15	15	-15	-2	-2	-2	-2	-2	-2	-2	-21	-21	-21	-21	-21	-21	21	21	21	21	21	-21	-21	21	21	21	21	-21	-21	-21	-2	-21	-21	-21	-21	-21	21	21	-21	-21	-21	-21	-21	-21	-21	-21	-21	-21	21	-21	-21	-2	-2	-2	-1	-2	-2	-2	-2	-2	-2	-2	-2	-2	-2	-2	-2	-2	-2	-2	-2	-2	-2	-2	-2	-2	-2	-2	-2	-2	-2	-2	-2	-2	-2	-2	-2	-2	-2
-2	-2	-2	-2	-2	-2	-1	-1	-1	-1	-1	-1	-1	-1	-1	-1	-1	-1	-1	-1	-1	-1	-1	-1	-1	-2	-1	-1	-2	-1	-2	-2	-2	-2	-2	-2	-2	-2	-2	-2	-2	-2	-2	-2	-2	-2	-2	-2	-2	-2	-2	-2	-2	-2	-2	-2	-2	21	21	21	-21	-21	21	21	21	21	21	21	-21	-21	-21	21	21	-21	-21	-21	-21	-2	-2	-2	-2	-2	-2	-2	-2	-2	-2	-2	-2	-2	-2	-2	-2	-2	-2	-2	-2	-2	-2	-2	-2	-2	-2	-2	15	15	15	15	15	15	15	15	15	15	-2	-2	-2	-2	-2	-2	-2	21	21	21	-21	-21	21	21	21	21	21	21	-21	-21	-21	21	21	-21	-21	-21	-21	-2	-2	-2	-2	-2	-2	-2	-2	-2	-2	-2	-2	-2	-2	-2	-2	-2	-2	-2	-2	-2	-2	-2	-2	-2	-2	-2	-2	-2	-2	-2	-2	-2	-2	-2	-2	-2	-2	-2	-2	-2	-2	-2	-2	-2	-2	-2	-2	-2	-2	-2	-2	-2	-2	-2	-2	-2	-2	-2
-2	-2	-2	-2	-2	-2	-2	-2	-2	-2	-2	-2	-2	-2	-2	-2	-2	-2	-2	-2	-2	-2	-2	-1	-1	-1	-1	-1	-2	-2	-2	-2	-1	-2	-2	-2	-2	-2	-2	-2	-2	-2	-2	-2	-2	-2	-2	-2	-2	-2	-2	-2	-2	-2	-2	-2	-2	21	21	-21	-21	21	21	21	21	21	21	21	-21	-21	-21	-21	-21	-21	21	21	21	-2	-2	-2	-2	-2	-2	-2	-2	-2	-2	-2	-2	-2	-2	-2	-2	-2	-2	-2	-2	-2	-2	-2	-2	-2	-2	-2	15	15	15	15	15	15	15	15	15	15	-2	-2	-2	-2	-2	-2	-2	21	21	-21	-21	21	21	21	21	21	21	21	-21	-21	-21	-21	-21	-21	21	21	21	-2	-2	-2	-2	-2	-2	-2	-2	-2	-2	-2	-2	-2	-2	-2	-2	-2	-2	-2	-2	-2	-2	-2	-2	-2	-2	-2	-2	-2	-2	-2	-2	-2	-2	-2	-2	-2	-2	-2	-2	-2	-2	-2	-2	-2	-2	-2	-2	-2	-2	-2	-2	-2	-2	-2	-2	-2	-2	-2
-2	-2	-2	-2	-2	-2	-2	-2	-2	-2	-2	-2	-2	-2	-2	-2	-2	-2	-2	-2	-2	-2	-2	-2	-1	-1	-1	-2	-2	-2	-2	-2	-2	-2	-2	-2	-1	-2	-2	-2	-2	-2	-2	-2	-2	-2	-2	-2	-2	-2	-2	-2	-2	-2	-2	-2	-2	-21	21	-21	-21	21	21	21	21	21	21	-21	-21	-21	-21	-21	-21	21	21	21	-21	-2	-2	-2	-2	-2	-2	-2	-2	-2	-2	-2	-2	-2	-2	-2	-2	-2	-2	-2	-2	-2	-2	-2	-2	-2	-2	-2	-2	-2	-2	-2	-2	-2	-2	-2	-2	-2	-2	-2	-2	-2	-2	-2	-2	-21	21	-21	-21	21	21	21	21	21	21	-21	-21	-21	-21	-21	-21	21	21	21	-21	-2	-2	-2	-2	-2	-2	-2	-2	-2	-2	-2	-2	-2	-2	-2	-2	-2	-2	-2	-2	-2	-2	-2	-2	-2	-2	-2	-2	-2	-2	-1	-2	-2	-2	-2	-2	-2	-2	-2	-2	-2	-2	-2	-2	-2	-2	-2	-2	-2	-2	-2	-2	-2	-2	-2	-2	-2	-2	-2
-2	-2	-2	-2	-2	-2	-2	-2	-2	-2	-2	-2	-2	-2	-2	-2	-2	-2	-2	-2	-2	-2	-2	-2	-2	-2	-2	-2	-2	-2	-2	-2	-2	-2	-2	-2	-2	-2	-2	-2	-2	-2	-2	-2	-2	-2	-2	-2	-2	-2	-2	-2	-2	-2	-2	-2	-2	-21	-21	-21	-21	-21	21	21	-21	-21	-21	-21	-21	-21	-21	-21	-21	-21	21	-21	-21	-2	-2	-2	-2	-2	-2	-2	-2	-2	-2	-2	-2	-2	-2	-2	-2	-2	-2	-2	-2	-2	-2	-2	-2	-2	-2	-2	-2	-2	-2	-2	-2	-2	-2	-2	-2	-2	-2	-2	-2	-2	-2	-2	-2	-21	-21	-21	-21	-21	21	21	-21	-21	-21	-21	-21	-21	-21	-21	-21	-21	21	-21	-21	-2	-2	-2	-2	-2	-2	-2	-2	-2	-2	-2	-2	-2	-2	-2	-2	-2	-2	-2	-2	-2	-2	-2	-2	-2	-2	-2	-2	-2	-2	-2	-2	-2	-2	-2	-2	-1	-2	-2	-2	-2	-2	-2	-2	-2	-2	-2	-2	-2	-2	-2	-2	-2	-2	-2	-2	-2	-2	-2
-2	-2	-2	-2	-2	-2	-2	-2	-2	-2	-2	-2	-2	-2	-2	-2	-2	-2	-2	-2	-2	-2	-2	-2	-2	-2	-2	-2	-2	-2	-2	-2	-2	-2	-2	-2	-2	-2	-1	-2	-2	-2	-2	-2	-2	-2	-2	-2	-2	-2	-2	-2	-2	-2	-2	-2	-2	-2	-2	-2	-2	-2	-2	-2	-2	-2	-2	-2	-2	-2	-2	-2	-2	-2	-2	-2	-2	-2	-2	-2	-2	-2	-2	-2	-2	-2	-2	-2	-2	-2	-2	-2	-2	-2	-2	-2	-2	-2	-2	-2	-2	-2	-2	-2	-2	-2	-2	-2	-2	-2	-2	-2	-2	-2	-2	-2	-2	-2	-2	-2	-2	-2	-2	-2	-2	-2	-2	-2	-2	-2	-2	-2	-2	-2	-2	-2	-2	-2	-2	-2	-2	-2	-2	-2	-2	-2	-2	-2	-2	-2	-2	-2	-2	-2	-2	-2	-2	-2	-2	-2	-2	-2	-2	-2	-2	-2	-2	-2	-2	-2	-2	-2	-2	-2	-2	-2	-2	-2	-2	-2	-2	-2	-2	-2	-2	-2	-2	-2	-2	-2	-2	-2	-2	-2	-2	-2	-2	-2	-2	-2
-2	-2	-2	-2	-2	-2	-2	-2	-2	-2	-2	-2	-2	-2	-2	-2	-2	-2	-2	-2	-2	-2	-2	-2	-2	-2	-2	-2	-2	-2	-2	-2	-2	-2	-2	-2	-2	-2	-2	-2	-2	-2	-2	-2	-2	-2	-2	-2	-2	-2	-2	-2	-2	-2	-2	-2	-2	-2	-2	-2	-2	-2	-2	-2	-2	-2	-2	-2	-2	-2	-2	-2	-2	-2	-2	-2	-2	-2	-2	-2	-2	-2	-2	-2	-2	-2	-2	-2	-2	-2	-2	-2	-2	-2	-2	-2	-2	-2	-2	-2	-2	-2	-2	-2	-2	-2	-2	-2	-2	-2	-2	-2	-2	-2	-2	-2	-2	-2	-2	-2	-2	-2	-2	-2	-2	-2	-2	-2	-2	-2	-2	-2	-2	-2	-2	-2	-2	-2	-2	-2	-2	-2	-2	-2	-2	-2	-2	-2	-2	-2	-2	-2	-2	-2	-2	-2	-2	-2	-2	-2	-2	-2	-2	-2	-2	-2	-2	-2	-2	-2	-2	-2	-2	-2	-2	-2	-2	-2	-2	-2	-2	-2	-2	-2	-2	-2	-2	-2	-2	-2	-2	-2	-2	-2	-2	-2	-2	-2	-2	-2
-2	-2	-2	-2	-2	-2	-2	-2	-2	-2	-2	-2	-2	-2	-2	-2	-2	-2	-2	-2	-2	-2	-2	-2	-2	-2	-2	-2	-2	-2	-2	-2	-2	-2	-2	-2	-2	-2	-2	-2	-1	-2	-2	-2	-2	-2	-2	-2	-2	-2	-2	-2	-2	-2	-2	-2	-2	-2	-2	-2	-2	-2	-2	-2	-2	-2	-2	-2	-2	-2	-2	-2	-2	-2	-2	-2	-2	-2	-2	-2	-2	-2	-2	-2	-2	-2	-2	-2	-2	-2	-2	-2	-2	-2	-2	-2	-2	-2	-2	-2	-2	-2	-2	-2	-2	-2	-2	-2	-2	-2	-2	-2	-2	-2	-2	-2	-2	-2	-2	-2	-2	-2	-2	-2	-2	-2	-2	-2	-2	-2	-2	-2	-2	-2	-2	-2	-2	-2	-2	-2	-2	-2	-2	-2	-2	-2	-2	-2	-2	-2	-2	-2	-2	-2	-2	-2	-2	-2	-2	-2	-2	-2	-2	-2	-2	-2	-2	-2	-2	-2	-2	-2	-2	-2	-2	-2	-2	-2	-2	-2	-2	-2	-2	-2	-2	-2	-2	-2	-2	-2	-2	-2	-2	-2	-2	-2	-2	-2	-2	-2
-2	-2	-2	-2	-2	-2	-2	-2	-2	-2	-2	-2	-2	-2	-2	-2	-2	-2	-2	-2	-2	-2	-2	-2	-2	-2	-2	-2	-2	-2	-2	-2	-2	-2	-2	-2	-2	-2	-2	-2	-2	-2	-2	-2	-2	-2	-2	-2	-2	-2	-2	-2	-2	-2	-2	-2	-2	-2	-2	-2	-2	-2	-2	-2	-2	-2	-2	-2	-2	-2	-2	-2	-2	-2	-2	-2	-2	-2	-2	-2	-2	-2	-2	-2	-2	-2	-2	-2	-2	-2	-2	-2	-2	-2	-2	-2	-2	-2	-2	-2	-2	-2	-2	-2	-2	-2	-2	-2	-2	-2	-2	-2	-2	-2	-2	-2	-2	-2	-2	-2	-2	-2	-2	-2	-2	-2	-2	-2	-2	-2	-2	-2	-2	-2	-2	-2	-2	-2	-2	-2	-2	-2	-2	-2	-2	-2	-2	-2	-2	-2	-2	-2	-2	-2	-2	-2	-2	-2	-2	-2	-2	-2	-2	-2	-2	-2	-2	-2	-2	-2	-2	-2	-2	-2	-2	-2	-2	-2	-2	-2	-2	-2	-2	-2	-2	-2	-2	-2	-2	-2	-2	-2	-2	-2	-2	-2	-2	-2	-2	-2
